0 0.894140625 0.4434895833333333 0.05078125 0.28802083333333334
0 0.6076822916666667 0.6692708333333334 0.2955729166666667 0.6604166666666667
0 0.19205729166666666 0.4614583333333333 0.038802083333333334 0.221875
0 0.13294270833333333 0.45546875 0.05755208333333333 0.22343749999999998
0 0.3692708333333333 0.5481770833333334 0.06510416666666667 0.19739583333333333
0 0.8643229166666666 0.3015625 0.016666666666666666 0.07395833333333333
0 0.9389322916666667 0.35130208333333335 0.012760416666666666 0.06302083333333333
0 0.9865885416666667 0.39765625 0.0049479166666666664 0.034895833333333334
0 0.9712239583333333 0.3796875 0.007552083333333333 0.04791666666666666
0 0.9776041666666666 0.3859375 0.005729166666666666 0.04479166666666667
