8 0.873828125 0.6390625 0.2518229166666667 0.7208333333333333
0 0.8143229166666667 0.4875 0.03177083333333333 0.16145833333333334
0 0.9464843749999999 0.5552083333333333 0.06328125 0.24270833333333333
0 0.8890625 0.54296875 0.052083333333333336 0.24322916666666666
0 0.8567708333333334 0.5526041666666667 0.029166666666666667 0.16666666666666666
0 0.9601562499999999 0.3260416666666667 0.03697916666666667 0.08958333333333333
0 0.90078125 0.34375 0.044270833333333336 0.084375
0 0.934375 0.33567708333333335 0.0265625 0.08177083333333333
14 0.9217447916666667 0.16927083333333334 0.05026041666666667 0.020833333333333332
14 0.7087239583333333 0.21328125 0.015364583333333333 0.019270833333333334
0 0.042708333333333334 0.30104166666666665 0.04114583333333333 0.12083333333333333
0 0.084375 0.30807291666666664 0.03802083333333333 0.13177083333333334
0 0.11315104166666666 0.33541666666666664 0.028385416666666666 0.084375
0 0.12265625 0.3419270833333333 0.01875 0.0921875
0 0.148046875 0.34765625 0.02005208333333333 0.0984375
0 0.031901041666666664 0.53125 0.06380208333333333 0.27708333333333335
0 0.08046875 0.53046875 0.051041666666666666 0.25677083333333334
0 0.11757812499999999 0.5393229166666667 0.03619791666666666 0.25364583333333335
0 0.144140625 0.51796875 0.03203125 0.1359375
0 0.15703125 0.43671875 0.025 0.13177083333333334
0 0.17708333333333334 0.43776041666666665 0.022916666666666665 0.15260416666666665
0 0.198046875 0.44453125 0.019010416666666665 0.1203125
0 0.20911458333333333 0.45703125 0.021354166666666667 0.0890625
8 0.12552083333333333 0.6372395833333333 0.25104166666666666 0.7244791666666667
