0 0.8802083333333334 0.55546875 0.028645833333333332 0.15260416666666665
0 0.832421875 0.5622395833333333 0.032552083333333336 0.18385416666666665
0 0.8742187499999999 0.7395833333333334 0.0453125 0.11354166666666667
0 0.7946614583333333 0.6848958333333334 0.05026041666666667 0.125
0 0.7147135416666667 0.7479166666666667 0.10130208333333333 0.13541666666666666
0 0.7356770833333334 0.8630208333333333 0.16302083333333334 0.1375
0 0.6298177083333333 0.6020833333333333 0.026822916666666665 0.06458333333333333
0 0.5942708333333333 0.6114583333333333 0.0296875 0.036458333333333336
0 0.57109375 0.6447916666666667 0.052083333333333336 0.11458333333333333
0 0.5877604166666667 0.56328125 0.01875 0.0453125
0 0.5733072916666666 0.56640625 0.01953125 0.04010416666666666
0 0.551171875 0.5755208333333334 0.02005208333333333 0.0875
0 0.5134114583333333 0.5734375 0.03307291666666667 0.14375
0 0.4764322916666667 0.5526041666666667 0.010677083333333334 0.040625
0 0.4920572916666667 0.5765625 0.023697916666666666 0.075
0 0.457421875 0.59453125 0.024739583333333332 0.05572916666666666
0 0.4571614583333333 0.6669270833333333 0.047135416666666666 0.1140625
0 0.4114583333333333 0.65625 0.033854166666666664 0.10833333333333334
0 0.42330729166666664 0.6026041666666666 0.026302083333333334 0.06354166666666666
0 0.36276041666666664 0.6927083333333334 0.050520833333333334 0.11458333333333333
0 0.3229166666666667 0.64140625 0.028645833333333332 0.0796875
0 0.312890625 0.7807291666666667 0.11119791666666666 0.18541666666666667
0 0.2576822916666667 0.7013020833333333 0.03984375 0.1171875
0 0.19752604166666665 0.5697916666666667 0.013802083333333333 0.0625
0 0.18046875 0.6104166666666666 0.040625 0.15416666666666667
0 0.14557291666666666 0.7135416666666666 0.044270833333333336 0.175
0 0.11302083333333333 0.7598958333333333 0.1109375 0.18541666666666667
0 0.06614583333333333 0.6390625 0.04114583333333333 0.09791666666666667
0 0.030729166666666665 0.6908854166666667 0.0375 0.10364583333333333
0 0.021354166666666667 0.665625 0.042708333333333334 0.53125
0 0.88359375 0.6671875 0.23229166666666667 0.5416666666666666
