0 0.9205729166666666 0.44427083333333334 0.057291666666666664 0.153125
0 0.9510416666666667 0.465625 0.0078125 0.051041666666666666
0 0.9151041666666666 0.5013020833333334 0.030208333333333334 0.12239583333333333
0 0.831640625 0.49140625 0.03046875 0.1171875
0 0.8865885416666667 0.4765625 0.02109375 0.0625
0 0.8509114583333334 0.52890625 0.06692708333333333 0.20572916666666666
0 0.7631510416666667 0.4583333333333333 0.05234375 0.303125
0 0.6807291666666666 0.5341145833333333 0.09375 0.27239583333333334
0 0.61171875 0.5653645833333333 0.0734375 0.22343749999999998
0 0.4591145833333333 0.5625 0.03333333333333333 0.09583333333333333
0 0.40859375 0.5453125 0.0890625 0.2791666666666667
0 0.431640625 0.5322916666666666 0.01796875 0.07708333333333334
0 0.4145833333333333 0.6973958333333333 0.3260416666666667 0.44166666666666665
0 0.31809895833333335 0.5580729166666667 0.031510416666666666 0.0765625
0 0.27838541666666666 0.5729166666666666 0.03229166666666666 0.12083333333333333
0 0.2950520833333333 0.5291666666666667 0.026041666666666668 0.07083333333333333
0 0.011458333333333333 0.5276041666666667 0.022916666666666665 0.16875
0 0.11302083333333333 0.5369791666666667 0.024479166666666666 0.10625
0 0.044921875 0.49114583333333334 0.024739583333333332 0.06458333333333333
0 0.01875 0.49583333333333335 0.015104166666666667 0.065625
0 0.06432291666666666 0.4973958333333333 0.029166666666666667 0.153125
0 0.15794270833333332 0.6046875 0.07526041666666666 0.2739583333333333
0 0.193359375 0.5859375 0.04088541666666667 0.17291666666666666
0 0.9662760416666667 0.5059895833333333 0.018489583333333334 0.1015625
