0 0.96640625 0.5622395833333333 0.007291666666666667 0.025520833333333333
0 0.8571614583333333 0.6296875 0.04401041666666666 0.29375
0 0.712109375 0.65078125 0.13671875 0.3859375
2 0.544921875 0.4934895833333333 0.04505208333333333 0.08072916666666667
0 0.4817708333333333 0.5013020833333334 0.007291666666666667 0.044270833333333336
0 0.4901041666666667 0.50625 0.0036458333333333334 0.02395833333333333
0 0.41315104166666666 0.71015625 0.06901041666666667 0.16927083333333334
0 0.04505208333333333 0.54296875 0.009375 0.06927083333333334
2 0.020572916666666666 0.5364583333333334 0.0203125 0.034375
0 0.5440104166666666 0.6828125 0.23958333333333334 0.5697916666666667
