0 0.137109375 0.6221354166666666 0.27421875 0.6432291666666666
0 0.14322916666666666 0.7028645833333333 0.06614583333333333 0.2526041666666667
0 0.2858072916666667 0.5151041666666667 0.015364583333333333 0.07708333333333334
0 0.341796875 0.46640624999999997 0.01015625 0.0421875
0 0.39166666666666666 0.50625 0.024479166666666666 0.14375
0 0.41484375 0.45546875 0.025520833333333333 0.0453125
0 0.426953125 0.5161458333333333 0.012239583333333333 0.059375
0 0.496875 0.50625 0.016666666666666666 0.04791666666666666
0 0.559375 0.496875 0.0067708333333333336 0.036458333333333336
0 0.5805989583333333 0.51484375 0.012760416666666666 0.06197916666666667
0 0.6158854166666666 0.5049479166666666 0.018229166666666668 0.10052083333333334
0 0.6946614583333334 0.49166666666666664 0.019010416666666665 0.10729166666666666
0 0.8742187499999999 0.6190104166666667 0.25104166666666666 0.6453125
