0 0.044270833333333336 0.7088541666666667 0.08020833333333333 0.26875
0 0.30390625 0.5122395833333333 0.016666666666666666 0.08802083333333333
0 0.391015625 0.5046875 0.022135416666666668 0.14375
0 0.4083333333333333 0.45651041666666664 0.013541666666666667 0.04010416666666666
0 0.42942708333333335 0.5169270833333334 0.011458333333333333 0.05572916666666666
0 0.5678385416666667 0.49713541666666666 0.007552083333333333 0.027604166666666666
0 0.65625 0.4953125 0.01614583333333333 0.13854166666666667
0 0.6661458333333333 0.50859375 0.018229166666666668 0.14322916666666666
0 0.8359375 0.6359375 0.1203125 0.41875
0 0.965234375 0.53515625 0.06901041666666667 0.3984375
