0 0.21770833333333334 0.564453125 0.027604166666666666 0.1796875
0 0.20677083333333332 0.523681640625 0.015625 0.10009765625
0 0.19114583333333332 0.5361328125 0.022395833333333334 0.0986328125
0 0.18033854166666666 0.572021484375 0.02786458333333333 0.16455078125
0 0.15872395833333333 0.5791015625 0.02005208333333333 0.12890625
0 0.14830729166666667 0.510009765625 0.006510416666666667 0.03271484375
0 0.14322916666666666 0.5244140625 0.0109375 0.048828125
0 0.1359375 0.5478515625 0.011458333333333333 0.08984375
0 0.13580729166666666 0.49853515625 0.00859375 0.017578125
0 0.13046875 0.57373046875 0.020833333333333332 0.1298828125
0 0.116015625 0.55322265625 0.012760416666666666 0.107421875
0 0.105078125 0.5615234375 0.026302083333333334 0.11328125
0 0.09401041666666667 0.5517578125 0.008333333333333333 0.07421875
0 0.08736979166666667 0.56201171875 0.01640625 0.111328125
0 0.07825520833333333 0.531005859375 0.009635416666666667 0.03955078125
0 0.055338541666666664 0.6025390625 0.04869791666666667 0.2099609375
0 0.07057291666666667 0.5361328125 0.010416666666666666 0.0361328125
0 0.060546875 0.5263671875 0.005989583333333333 0.01171875
0 0.060546875 0.51806640625 0.004427083333333333 0.01171875
0 0.04140625 0.518310546875 0.005208333333333333 0.01708984375
0 0.03619791666666666 0.521484375 0.0067708333333333336 0.0146484375
0 0.033463541666666666 0.548095703125 0.010677083333333334 0.03955078125
0 0.48723958333333334 0.552734375 0.0375 0.19140625
0 0.51640625 0.559814453125 0.0265625 0.09521484375
0 0.99296875 0.5625 0.009895833333333333 0.0810546875
0 0.9881510416666667 0.56884765625 0.015364583333333333 0.0908203125
0 0.9782552083333333 0.559814453125 0.011197916666666667 0.06689453125
0 0.9712239583333333 0.544677734375 0.004427083333333333 0.02783203125
0 0.9647135416666667 0.56591796875 0.019010416666666665 0.0859375
0 0.9486979166666667 0.572021484375 0.021875 0.11181640625
0 0.929296875 0.52294921875 0.007552083333333333 0.02734375
0 0.9328124999999999 0.580810546875 0.0109375 0.10205078125
0 0.9220052083333333 0.577392578125 0.019010416666666665 0.11376953125
0 0.896484375 0.589111328125 0.03046875 0.15087890625
0 0.8787760416666667 0.550537109375 0.016927083333333332 0.09130859375
0 0.8654947916666667 0.54296875 0.01484375 0.080078125
0 0.8544270833333333 0.589111328125 0.029166666666666667 0.16943359375
0 0.8122395833333333 0.560546875 0.034375 0.1396484375
0 0.7466145833333333 0.54296875 0.044270833333333336 0.1552734375
0 0.6955729166666667 0.56787109375 0.04791666666666666 0.2177734375
0 0.6447916666666667 0.545166015625 0.03125 0.11474609375
0 0.6127604166666667 0.47900390625 0.022395833333333334 0.0537109375
0 0.609375 0.535400390625 0.030208333333333334 0.12548828125
0 0.5834635416666667 0.516357421875 0.019010416666666665 0.10693359375
0 0.58125 0.45947265625 0.0140625 0.021484375
0 0.5610677083333333 0.49365234375 0.01796875 0.080078125
0 0.56796875 0.470703125 0.0109375 0.0263671875
0 0.5524739583333333 0.484375 0.010677083333333334 0.068359375
0 0.5415364583333333 0.481201171875 0.00703125 0.05419921875
0 0.5322916666666666 0.492919921875 0.01614583333333333 0.06689453125
0 0.5248697916666667 0.4892578125 0.007552083333333333 0.0732421875
0 0.5190104166666667 0.483154296875 0.008854166666666666 0.05224609375
0 0.5143229166666666 0.479736328125 0.010416666666666666 0.05517578125
0 0.5048177083333333 0.4755859375 0.014322916666666666 0.0546875
0 0.487109375 0.449462890625 0.007552083333333333 0.01611328125
0 0.48072916666666665 0.486083984375 0.008333333333333333 0.06103515625
0 0.4751302083333333 0.46044921875 0.0049479166666666664 0.0146484375
0 0.4680989583333333 0.4755859375 0.017447916666666667 0.0615234375
0 0.43515624999999997 0.507080078125 0.0203125 0.13623046875
0 0.4373697916666667 0.45263671875 0.0049479166666666664 0.0126953125
0 0.4427083333333333 0.489501953125 0.0078125 0.07861328125
0 0.45273437499999997 0.492919921875 0.010677083333333334 0.08447265625
0 0.419921875 0.465087890625 0.009635416666666667 0.04150390625
0 0.4139322916666667 0.468994140625 0.00859375 0.04150390625
0 0.403515625 0.50341796875 0.020572916666666666 0.12109375
0 0.3625 0.46240234375 0.01614583333333333 0.046875
0 0.371875 0.517578125 0.07864583333333333 0.1455078125
0 0.3385416666666667 0.53125 0.0234375 0.15234375
0 0.3118489583333333 0.5419921875 0.02421875 0.1591796875
0 0.2817708333333333 0.559814453125 0.021354166666666667 0.15673828125
0 0.2545572916666667 0.548828125 0.029947916666666668 0.1904296875
0 0.00859375 0.562744140625 0.0171875 0.08154296875
0 0.0033854166666666668 0.55078125 0.0067708333333333336 0.056640625
0 0.019401041666666667 0.54443359375 0.002864583333333333 0.021484375
0 0.021875 0.54345703125 0.0026041666666666665 0.0185546875
0 0.025130208333333334 0.542236328125 0.0033854166666666668 0.01416015625
