0 0.608203125 0.5479166666666666 0.007552083333333333 0.0375
0 0.6545572916666667 0.5502604166666667 0.008072916666666666 0.030729166666666665
0 0.672265625 0.54609375 0.00859375 0.03177083333333333
0 0.67421875 0.5463541666666667 0.004166666666666667 0.029166666666666667
2 0.550390625 0.5450520833333333 0.010677083333333334 0.019270833333333334
2 0.526171875 0.5453125 0.037760416666666664 0.03229166666666666
2 0.5110677083333334 0.546875 0.019010416666666665 0.027083333333333334
2 0.5 0.5455729166666666 0.021354166666666667 0.021354166666666667
2 0.40859375 0.51484375 0.00625 0.0078125
2 0.4 0.5135416666666667 0.009375 0.011458333333333333
2 0.39140625 0.5184895833333333 0.013020833333333334 0.01614583333333333
2 0.3872395833333333 0.50859375 0.008333333333333333 0.005729166666666666
2 0.379296875 0.5083333333333333 0.007552083333333333 0.00625
2 0.379296875 0.5177083333333333 0.011197916666666667 0.013541666666666667
2 0.36809895833333334 0.5145833333333333 0.014322916666666666 0.015625
2 0.34466145833333334 0.5096354166666667 0.02734375 0.0234375
2 0.32838541666666665 0.5080729166666667 0.0203125 0.01614583333333333
2 0.3177083333333333 0.5052083333333334 0.01875 0.017708333333333333
2 0.29778645833333334 0.5 0.016927083333333332 0.014583333333333334
2 0.2845052083333333 0.4986979166666667 0.01640625 0.0109375
2 0.26796875 0.4940104166666667 0.009375 0.009895833333333333
2 0.27291666666666664 0.49557291666666664 0.0125 0.009895833333333333
2 0.2766927083333333 0.49765624999999997 0.011197916666666667 0.008854166666666666
2 0.284375 0.73828125 0.56875 0.5223958333333333
2 0.9717447916666666 0.7247395833333333 0.055989583333333336 0.4869791666666667
2 0.9645833333333333 0.48151041666666666 0.0125 0.021354166666666667
2 0.9591145833333333 0.47291666666666665 0.0067708333333333336 0.011458333333333333
2 0.9580729166666666 0.4661458333333333 0.0036458333333333334 0.003125
