0 0.8682291666666666 0.6028645833333334 0.04583333333333333 0.19427083333333334
0 0.8375 0.596875 0.03802083333333333 0.15416666666666667
0 0.7778645833333333 0.64609375 0.051041666666666666 0.16510416666666666
0 0.5192708333333333 0.5302083333333333 0.0109375 0.06458333333333333
1 0.5178385416666667 0.55234375 0.004427083333333333 0.043229166666666666
2 0.498828125 0.50078125 0.009635416666666667 0.013020833333333334
2 0.3067708333333333 0.4927083333333333 0.01875 0.016666666666666666
2 0.2903645833333333 0.4903645833333333 0.0140625 0.015104166666666667
2 0.2721354166666667 0.48932291666666666 0.013541666666666667 0.013020833333333334
2 0.24895833333333334 0.4861979166666667 0.014583333333333334 0.0109375
0 0.25104166666666666 0.48541666666666666 0.003125 0.014583333333333334
2 0.23971354166666667 0.48411458333333335 0.01015625 0.011979166666666666
2 0.23255208333333333 0.48463541666666665 0.004166666666666667 0.0078125
2 0.22669270833333333 0.4856770833333333 0.008072916666666666 0.008854166666666666
2 0.042578125 0.5083333333333333 0.01015625 0.015625
2 0.03216145833333333 0.5057291666666667 0.00703125 0.009375
2 0.034895833333333334 0.5018229166666667 0.0046875 0.0067708333333333336
2 0.02578125 0.5403645833333334 0.0328125 0.058854166666666666
2 0.2981770833333333 0.75234375 0.5963541666666666 0.4942708333333333
