2 0.5087239583333333 0.50078125 0.012760416666666666 0.022395833333333334
0 0.5975260416666667 0.5125 0.0049479166666666664 0.026041666666666668
5 0.55234375 0.49609375 0.022395833333333334 0.0234375
0 0.491015625 0.49713541666666666 0.002864583333333333 0.0171875
0 0.4884114583333333 0.4966145833333333 0.00234375 0.0171875
5 0.27291666666666664 0.5072916666666667 0.2703125 0.21979166666666666
2 0.11861979166666667 0.5080729166666667 0.008072916666666666 0.0109375
2 0.100390625 0.5088541666666666 0.006510416666666667 0.005208333333333333
2 0.10677083333333333 0.5174479166666667 0.0171875 0.024479166666666666
2 0.35377604166666665 0.7643229166666666 0.7049479166666667 0.47031249999999997
