2 0.5778645833333333 0.4869791666666667 0.014583333333333334 0.02395833333333333
2 0.5592447916666666 0.5044270833333333 0.02734375 0.030729166666666665
2 0.6256510416666666 0.48151041666666666 0.013802083333333333 0.0234375
1 0.6169270833333333 0.5229166666666667 0.0109375 0.03333333333333333
2 0.39986979166666664 0.5203125 0.026302083333333334 0.021875
2 0.39231770833333335 0.534375 0.032552083333333336 0.029166666666666667
2 0.23919270833333334 0.55625 0.017447916666666667 0.016666666666666666
2 0.05859375 0.59375 0.1171875 0.2708333333333333
2 0.9536458333333333 0.5815104166666667 0.0921875 0.25677083333333334
2 0.8391927083333334 0.5614583333333333 0.07473958333333333 0.090625
2 0.9296875 0.54140625 0.01875 0.049479166666666664
2 0.9194010416666667 0.5385416666666667 0.015364583333333333 0.035416666666666666
2 0.9140625 0.5291666666666667 0.022916666666666665 0.022916666666666665
2 0.21236979166666667 0.5572916666666666 0.006510416666666667 0.008333333333333333
2 0.22330729166666666 0.5567708333333333 0.008072916666666666 0.013541666666666667
0 0.3614583333333333 0.5411458333333333 0.007291666666666667 0.016666666666666666
2 0.5907552083333333 0.4739583333333333 0.01171875 0.016666666666666666
2 0.6052083333333333 0.45859374999999997 0.0067708333333333336 0.0109375
2 0.6303385416666667 0.4674479166666667 0.00859375 0.015104166666666667
2 0.8962239583333333 0.5255208333333333 0.0049479166666666664 0.007291666666666667
