2 0.400390625 0.5208333333333334 0.026302083333333334 0.019791666666666666
2 0.05859375 0.59375 0.1171875 0.2708333333333333
2 0.9536458333333333 0.5815104166666667 0.0921875 0.25677083333333334
2 0.625390625 0.48020833333333335 0.014322916666666666 0.022916666666666665
1 0.6171875 0.5221354166666666 0.009375 0.034895833333333334
2 0.5908854166666666 0.4734375 0.013020833333333334 0.019791666666666666
2 0.57734375 0.48671875 0.013541666666666667 0.022395833333333334
2 0.559375 0.5036458333333333 0.025520833333333333 0.03125
2 0.39205729166666664 0.534375 0.03463541666666667 0.030208333333333334
2 0.4524739583333333 0.5481770833333334 0.05026041666666667 0.06510416666666667
2 0.9296875 0.54140625 0.01875 0.049479166666666664
2 0.9194010416666667 0.5385416666666667 0.015364583333333333 0.035416666666666666
2 0.9140625 0.5291666666666667 0.022916666666666665 0.022916666666666665
2 0.23984375 0.55625 0.018229166666666668 0.015625
2 0.22343749999999998 0.5575520833333333 0.009895833333333333 0.011979166666666666
2 0.21276041666666667 0.5588541666666667 0.007291666666666667 0.010416666666666666
0 0.3595052083333333 0.5369791666666667 0.005989583333333333 0.022916666666666665
2 0.8937499999999999 0.5268229166666667 0.007291666666666667 0.008854166666666666
2 0.605078125 0.45859374999999997 0.007552083333333333 0.011979166666666666
2 0.630078125 0.46848958333333335 0.008072916666666666 0.0140625
