2 0.05859375 0.59375 0.1171875 0.2708333333333333
2 0.9536458333333333 0.5815104166666667 0.0921875 0.25677083333333334
2 0.23919270833333334 0.55625 0.018489583333333334 0.020833333333333332
2 0.39986979166666664 0.51953125 0.026302083333333334 0.019270833333333334
2 0.3912760416666667 0.5330729166666667 0.03411458333333333 0.03177083333333333
2 0.5907552083333333 0.4739583333333333 0.012760416666666666 0.017708333333333333
2 0.5774739583333334 0.48593749999999997 0.014322916666666666 0.022916666666666665
2 0.5591145833333333 0.5041666666666667 0.0265625 0.029166666666666667
2 0.6252604166666667 0.48046875 0.014583333333333334 0.024479166666666666
1 0.6171875 0.5216145833333333 0.009375 0.03697916666666667
2 0.46458333333333335 0.55078125 0.0625 0.0734375
2 0.9296875 0.54140625 0.01875 0.049479166666666664
2 0.9194010416666667 0.5385416666666667 0.015364583333333333 0.035416666666666666
2 0.9140625 0.5291666666666667 0.022916666666666665 0.022916666666666665
2 0.8942708333333333 0.5265625 0.0067708333333333336 0.009375
2 0.21276041666666667 0.5583333333333333 0.007291666666666667 0.009375
2 0.223046875 0.5575520833333333 0.009635416666666667 0.013020833333333334
2 0.23984375 0.55625 0.01875 0.015625
0 0.36041666666666666 0.5390625 0.0067708333333333336 0.020833333333333332
2 0.605078125 0.45859374999999997 0.007552083333333333 0.011979166666666666
2 0.630078125 0.46848958333333335 0.008072916666666666 0.0140625
