2 0.45872395833333335 0.5635416666666666 0.02578125 0.042708333333333334
2 0.5135416666666667 0.571875 0.028125 0.05
2 0.43255208333333334 0.57109375 0.03802083333333333 0.0515625
2 0.04244791666666667 0.5877604166666667 0.08489583333333334 0.25885416666666666
2 0.9704427083333333 0.5869791666666666 0.05859375 0.2552083333333333
2 0.021484375 0.4473958333333333 0.029427083333333333 0.030208333333333334
2 0.06302083333333333 0.45651041666666664 0.018229166666666668 0.028645833333333332
2 0.09244791666666667 0.46953125 0.034895833333333334 0.0453125
2 0.31536458333333334 0.5622395833333333 0.09739583333333333 0.0859375
2 0.22473958333333333 0.5591145833333333 0.221875 0.24114583333333334
