1 0.6170572916666667 0.5234375 0.009635416666666667 0.03333333333333333
2 0.625390625 0.48046875 0.015364583333333333 0.021354166666666667
2 0.5776041666666667 0.48671875 0.014583333333333334 0.0203125
2 0.5592447916666666 0.5033854166666667 0.026302083333333334 0.0296875
2 0.4 0.52109375 0.025520833333333333 0.021354166666666667
2 0.39231770833333335 0.534375 0.03359375 0.025
2 0.23958333333333334 0.55625 0.018229166666666668 0.01875
2 0.05859375 0.59375 0.1171875 0.2708333333333333
2 0.9536458333333333 0.5815104166666667 0.0921875 0.25677083333333334
2 0.8565104166666666 0.55078125 0.050520833333333334 0.06302083333333333
2 0.9296875 0.54140625 0.01875 0.049479166666666664
2 0.9194010416666667 0.5385416666666667 0.015364583333333333 0.035416666666666666
2 0.9140625 0.5291666666666667 0.022916666666666665 0.022916666666666665
2 0.21263020833333332 0.5572916666666666 0.00703125 0.009375
2 0.22343749999999998 0.5575520833333333 0.011458333333333333 0.013020833333333334
0 0.3609375 0.54140625 0.0078125 0.0171875
2 0.5907552083333333 0.47291666666666665 0.012239583333333333 0.015625
2 0.6048177083333334 0.4596354166666667 0.00703125 0.0109375
2 0.6299479166666666 0.46770833333333334 0.008333333333333333 0.014583333333333334
2 0.8966145833333333 0.5255208333333333 0.005208333333333333 0.008333333333333333
