1 0.6169270833333333 0.5223958333333333 0.009375 0.034375
2 0.625 0.48072916666666665 0.014583333333333334 0.022916666666666665
2 0.5768229166666666 0.4869791666666667 0.01614583333333333 0.021875
2 0.5598958333333334 0.5041666666666667 0.027083333333333334 0.028125
2 0.4005208333333333 0.52109375 0.025 0.018229166666666668
2 0.3919270833333333 0.5338541666666666 0.03333333333333333 0.030208333333333334
2 0.23880208333333333 0.5567708333333333 0.01614583333333333 0.017708333333333333
2 0.05859375 0.59375 0.1171875 0.2708333333333333
2 0.9536458333333333 0.5815104166666667 0.0921875 0.25677083333333334
2 0.8247395833333333 0.56796875 0.0953125 0.1140625
2 0.9296875 0.54140625 0.01875 0.049479166666666664
2 0.9194010416666667 0.5385416666666667 0.015364583333333333 0.035416666666666666
2 0.9140625 0.5291666666666667 0.022916666666666665 0.022916666666666665
2 0.212890625 0.55859375 0.005989583333333333 0.009895833333333333
2 0.22317708333333333 0.5575520833333333 0.0109375 0.0140625
2 0.39596354166666664 0.5096354166666667 0.015885416666666666 0.008854166666666666
0 0.3611979166666667 0.5416666666666666 0.007291666666666667 0.01875
2 0.5908854166666666 0.47369791666666666 0.011979166666666666 0.0140625
2 0.6048177083333334 0.4588541666666667 0.00703125 0.011458333333333333
2 0.6298177083333333 0.46848958333333335 0.00859375 0.013020833333333334
2 0.8962239583333333 0.5244791666666666 0.0049479166666666664 0.007291666666666667
