2 0.47552083333333334 0.5684895833333333 0.011979166666666666 0.021354166666666667
2 0.459375 0.5653645833333333 0.02395833333333333 0.04114583333333333
2 0.43255208333333334 0.57109375 0.0375 0.04635416666666667
2 0.5141927083333333 0.57421875 0.02786458333333333 0.050520833333333334
2 0.06302083333333333 0.4557291666666667 0.019791666666666666 0.029166666666666667
2 0.022135416666666668 0.44635416666666666 0.030729166666666665 0.03125
2 0.04244791666666667 0.5877604166666667 0.08489583333333334 0.25885416666666666
2 0.9704427083333333 0.5869791666666666 0.05859375 0.2552083333333333
2 0.14296875 0.5184895833333333 0.13333333333333333 0.1671875
2 0.3104166666666667 0.56328125 0.10625 0.08385416666666666
