2 0.12578125 0.4888020833333333 0.0453125 0.05260416666666667
2 0.09270833333333334 0.46901041666666665 0.035416666666666666 0.04635416666666667
2 0.062890625 0.4552083333333333 0.02005208333333333 0.028125
2 0.022135416666666668 0.4473958333333333 0.0296875 0.03125
2 0.04244791666666667 0.5877604166666667 0.08489583333333334 0.25885416666666666
2 0.9704427083333333 0.5869791666666666 0.05859375 0.2552083333333333
2 0.513671875 0.5747395833333333 0.02786458333333333 0.050520833333333334
2 0.45924479166666665 0.5638020833333334 0.024739583333333332 0.0421875
2 0.43255208333333334 0.5713541666666666 0.0375 0.04791666666666666
2 0.26145833333333335 0.5723958333333333 0.24947916666666667 0.2583333333333333
2 0.475390625 0.5677083333333334 0.01171875 0.019791666666666666
2 0.48333333333333334 0.565625 0.009895833333333333 0.017708333333333333
2 0.49296875 0.56328125 0.00625 0.008854166666666666
2 0.49635416666666665 0.5614583333333333 0.0067708333333333336 0.009375
