2 0.05859375 0.59375 0.1171875 0.2708333333333333
2 0.9536458333333333 0.5815104166666667 0.0921875 0.25677083333333334
2 0.400390625 0.5200520833333333 0.02734375 0.022395833333333334
2 0.39205729166666664 0.5338541666666666 0.03411458333333333 0.028125
2 0.591015625 0.4734375 0.012239583333333333 0.016666666666666666
2 0.5774739583333334 0.4861979166666667 0.01484375 0.022395833333333334
2 0.559375 0.5041666666666667 0.0265625 0.030208333333333334
2 0.6251302083333333 0.48072916666666665 0.015364583333333333 0.025
1 0.6170572916666667 0.5231770833333333 0.010677083333333334 0.034895833333333334
2 0.4739583333333333 0.55546875 0.071875 0.0921875
2 0.9296875 0.54140625 0.01875 0.049479166666666664
2 0.9194010416666667 0.5385416666666667 0.015364583333333333 0.035416666666666666
2 0.9140625 0.5291666666666667 0.022916666666666665 0.022916666666666665
2 0.21302083333333333 0.5583333333333333 0.0067708333333333336 0.009375
2 0.22317708333333333 0.55703125 0.0109375 0.011979166666666666
2 0.23971354166666667 0.5559895833333334 0.019010416666666665 0.015104166666666667
0 0.360546875 0.5390625 0.00703125 0.021875
2 0.8946614583333333 0.5268229166666667 0.006510416666666667 0.0078125
2 0.605078125 0.45859374999999997 0.007552083333333333 0.011979166666666666
2 0.630078125 0.46848958333333335 0.008072916666666666 0.0140625
