2 0.23997395833333332 0.5552083333333333 0.02265625 0.020833333333333332
2 0.05859375 0.59375 0.1171875 0.2708333333333333
2 0.9536458333333333 0.5815104166666667 0.0921875 0.25677083333333334
2 0.62578125 0.47994791666666664 0.013541666666666667 0.0234375
2 0.578125 0.48593749999999997 0.013541666666666667 0.019791666666666666
2 0.559375 0.5044270833333333 0.026041666666666668 0.028645833333333332
2 0.665625 0.6057291666666667 0.2864583333333333 0.21666666666666667
2 0.40013020833333335 0.5197916666666667 0.024739583333333332 0.020833333333333332
2 0.392578125 0.5348958333333333 0.03411458333333333 0.029166666666666667
2 0.9296875 0.54140625 0.01875 0.049479166666666664
2 0.9194010416666667 0.5385416666666667 0.015364583333333333 0.035416666666666666
2 0.9140625 0.5291666666666667 0.022916666666666665 0.022916666666666665
2 0.2125 0.5572916666666666 0.0067708333333333336 0.009375
2 0.22317708333333333 0.5578125 0.0109375 0.0125
0 0.3611979166666667 0.5403645833333334 0.007291666666666667 0.0203125
2 0.8955729166666666 0.5260416666666666 0.005208333333333333 0.008333333333333333
2 0.6048177083333334 0.459375 0.007552083333333333 0.010416666666666666
2 0.630078125 0.4674479166666667 0.00859375 0.015104166666666667
2 0.5904947916666666 0.47369791666666666 0.012760416666666666 0.015104166666666667
