2 0.93203125 0.47213541666666664 0.040625 0.0453125
2 0.5084635416666666 0.5515625 0.03307291666666667 0.027083333333333334
2 0.4712239583333333 0.5427083333333333 0.04296875 0.04479166666666667
2 0.10585937499999999 0.49192708333333335 0.08098958333333334 0.059895833333333336
2 0.8361979166666667 0.4513020833333333 0.014583333333333334 0.013020833333333334
2 0.8528645833333334 0.45390625 0.009895833333333333 0.0203125
2 0.86171875 0.4583333333333333 0.0125 0.019791666666666666
2 0.5260416666666666 0.5510416666666667 0.021354166666666667 0.020833333333333332
2 0.5442708333333334 0.55234375 0.011979166666666666 0.009895833333333333
2 0.5489583333333333 0.5513020833333333 0.008854166666666666 0.009895833333333333
2 0.5548177083333333 0.55078125 0.00859375 0.008854166666666666
