2 0.4005208333333333 0.51953125 0.024479166666666666 0.022395833333333334
2 0.3924479166666667 0.534375 0.033854166666666664 0.028125
2 0.6251302083333333 0.47994791666666664 0.014322916666666666 0.025520833333333333
1 0.6165364583333334 0.5213541666666667 0.009635416666666667 0.0375
2 0.576953125 0.4861979166666667 0.014322916666666666 0.021354166666666667
2 0.5587239583333333 0.5036458333333333 0.02786458333333333 0.028125
2 0.05859375 0.59375 0.1171875 0.2708333333333333
2 0.9536458333333333 0.5815104166666667 0.0921875 0.25677083333333334
2 0.870703125 0.540625 0.03307291666666667 0.04895833333333333
2 0.9296875 0.54140625 0.01875 0.049479166666666664
2 0.9194010416666667 0.5385416666666667 0.015364583333333333 0.035416666666666666
2 0.9140625 0.5291666666666667 0.022916666666666665 0.022916666666666665
2 0.21263020833333332 0.5580729166666667 0.00703125 0.009895833333333333
2 0.22356770833333334 0.55703125 0.01171875 0.013020833333333334
2 0.24010416666666667 0.5565104166666667 0.018229166666666668 0.015104166666666667
0 0.361328125 0.5416666666666666 0.00703125 0.017708333333333333
2 0.5908854166666666 0.4734375 0.011458333333333333 0.016666666666666666
2 0.6052083333333333 0.4588541666666667 0.0078125 0.011458333333333333
2 0.630078125 0.46770833333333334 0.009114583333333334 0.015625
2 0.896875 0.5252604166666667 0.0046875 0.0067708333333333336
