1 0.011979166666666666 0.5908854166666666 0.02395833333333333 0.09739583333333333
1 0.97265625 0.6127604166666667 0.05416666666666667 0.13072916666666667
2 0.04401041666666666 0.48151041666666666 0.03697916666666667 0.05364583333333333
2 0.06067708333333333 0.45078124999999997 0.019270833333333334 0.0265625
2 0.06940104166666666 0.4375 0.012760416666666666 0.021875
2 0.056380208333333334 0.41432291666666665 0.004427083333333333 0.009895833333333333
2 0.050130208333333336 0.4158854166666667 0.00703125 0.011979166666666666
2 0.04544270833333333 0.41901041666666666 0.006510416666666667 0.013020833333333334
2 0.03854166666666667 0.4223958333333333 0.009375 0.016666666666666666
2 0.018229166666666668 0.4359375 0.015104166666666667 0.017708333333333333
2 0.9647135416666667 0.471875 0.03828125 0.03958333333333333
2 0.8330729166666666 0.4927083333333333 0.015625 0.03125
2 0.8268229166666666 0.45859374999999997 0.00625 0.0067708333333333336
2 0.8217447916666667 0.4627604166666667 0.008072916666666666 0.009895833333333333
2 0.8174479166666666 0.4671875 0.0078125 0.011458333333333333
2 0.8136718749999999 0.46822916666666664 0.008072916666666666 0.010416666666666666
2 0.8111979166666666 0.47265625 0.008854166666666666 0.008854166666666666
2 0.8080729166666667 0.47578125 0.009375 0.0078125
2 0.8022135416666667 0.4786458333333333 0.01640625 0.013541666666666667
2 0.79375 0.4901041666666667 0.021875 0.021875
2 0.784765625 0.49921875 0.01796875 0.022395833333333334
2 0.77265625 0.51171875 0.029166666666666667 0.0265625
0 0.7673177083333333 0.5127604166666666 0.005989583333333333 0.024479166666666666
0 0.7647135416666666 0.496875 0.002864583333333333 0.010416666666666666
0 0.7483072916666667 0.5151041666666667 0.00546875 0.022916666666666665
0 0.7365885416666667 0.5203125 0.00546875 0.026041666666666668
2 0.35638020833333334 0.571875 0.00390625 0.008333333333333333
2 0.36171875 0.57109375 0.0046875 0.009895833333333333
2 0.3677083333333333 0.57421875 0.0067708333333333336 0.011979166666666666
2 0.375390625 0.575 0.009114583333333334 0.013541666666666667
2 0.382421875 0.5763020833333333 0.009114583333333334 0.013020833333333334
2 0.3873697916666667 0.5783854166666667 0.009635416666666667 0.011979166666666666
0 0.3966145833333333 0.5786458333333333 0.0067708333333333336 0.017708333333333333
2 0.40781249999999997 0.58046875 0.01614583333333333 0.0234375
2 0.41640625 0.58203125 0.01875 0.0265625
2 0.4283854166666667 0.5828125 0.020833333333333332 0.020833333333333332
2 0.4395833333333333 0.584375 0.021354166666666667 0.027083333333333334
2 0.45729166666666665 0.5830729166666666 0.025520833333333333 0.0296875
2 0.47265625 0.5765625 0.009375 0.025
2 0.5256510416666667 0.56328125 0.01640625 0.018229166666666668
2 0.5529947916666667 0.5598958333333334 0.04192708333333333 0.06458333333333333
0 0.505078125 0.68125 0.09557291666666666 0.38229166666666664
2 0.9915364583333334 0.45234375 0.013802083333333333 0.024479166666666666
2 0.0029947916666666664 0.44635416666666666 0.005989583333333333 0.019791666666666666
