2 0.05859375 0.59375 0.1171875 0.2708333333333333
2 0.9536458333333333 0.5815104166666667 0.0921875 0.25677083333333334
2 0.591015625 0.47265625 0.012760416666666666 0.015104166666666667
2 0.5770833333333333 0.48723958333333334 0.015625 0.019270833333333334
2 0.625390625 0.47942708333333334 0.015364583333333333 0.024479166666666666
2 0.6287760416666667 0.6098958333333333 0.27734375 0.23333333333333334
2 0.4002604166666667 0.5197916666666667 0.025520833333333333 0.01875
2 0.39140625 0.5338541666666666 0.034895833333333334 0.028125
2 0.241796875 0.5557291666666666 0.02265625 0.020833333333333332
2 0.9296875 0.54140625 0.01875 0.049479166666666664
2 0.9194010416666667 0.5385416666666667 0.015364583333333333 0.035416666666666666
2 0.9140625 0.5291666666666667 0.022916666666666665 0.022916666666666665
2 0.2125 0.5572916666666666 0.0067708333333333336 0.009375
2 0.22317708333333333 0.5578125 0.0109375 0.0125
0 0.3611979166666667 0.5403645833333334 0.007291666666666667 0.0203125
2 0.8955729166666666 0.5260416666666666 0.005208333333333333 0.008333333333333333
2 0.56171875 0.4953125 0.019791666666666666 0.0125
2 0.6052083333333333 0.4588541666666667 0.0078125 0.011458333333333333
2 0.6295572916666666 0.46770833333333334 0.00859375 0.013541666666666667
