2 0.8075520833333333 0.5763020833333333 0.11979166666666667 0.12447916666666667
2 0.625390625 0.4809895833333333 0.014322916666666666 0.0203125
1 0.6166666666666667 0.5221354166666666 0.010416666666666666 0.0328125
2 0.591015625 0.47369791666666666 0.012760416666666666 0.013020833333333334
2 0.5776041666666667 0.48671875 0.014583333333333334 0.022395833333333334
2 0.5595052083333333 0.50390625 0.026302083333333334 0.0328125
2 0.40013020833333335 0.5200520833333333 0.026822916666666665 0.018229166666666668
2 0.39140625 0.5348958333333333 0.033854166666666664 0.026041666666666668
2 0.238671875 0.55625 0.01796875 0.019791666666666666
2 0.05859375 0.59375 0.1171875 0.2708333333333333
2 0.9536458333333333 0.5815104166666667 0.0921875 0.25677083333333334
2 0.9296875 0.54140625 0.01875 0.049479166666666664
2 0.9194010416666667 0.5385416666666667 0.015364583333333333 0.035416666666666666
2 0.9140625 0.5291666666666667 0.022916666666666665 0.022916666666666665
2 0.21276041666666667 0.5578125 0.00625 0.008333333333333333
2 0.22356770833333334 0.5583333333333333 0.010677083333333334 0.0125
2 0.39609375 0.509375 0.01614583333333333 0.008333333333333333
2 0.40013020833333335 0.5015625 0.012760416666666666 0.007291666666666667
0 0.3614583333333333 0.5419270833333333 0.0067708333333333336 0.019270833333333334
2 0.89609375 0.5255208333333333 0.005208333333333333 0.00625
