2 0.47578125 0.56640625 0.0125 0.0234375
2 0.4596354166666667 0.5635416666666666 0.025520833333333333 0.042708333333333334
2 0.43255208333333334 0.5716145833333334 0.03802083333333333 0.049479166666666664
2 0.5140625 0.5734375 0.027083333333333334 0.05520833333333333
2 0.31171875 0.5622395833333333 0.10416666666666667 0.0890625
2 0.04244791666666667 0.5877604166666667 0.08489583333333334 0.25885416666666666
2 0.9704427083333333 0.5869791666666666 0.05859375 0.2552083333333333
2 0.022265625 0.44687499999999997 0.028906249999999998 0.029166666666666667
2 0.08684895833333334 0.46249999999999997 0.021614583333333333 0.0375
2 0.06276041666666667 0.45677083333333335 0.019791666666666666 0.03229166666666666
2 0.176953125 0.5450520833333333 0.17838541666666666 0.2140625
