2 0.47604166666666664 0.56796875 0.0125 0.024479166666666666
2 0.4591145833333333 0.5645833333333333 0.025 0.042708333333333334
2 0.43307291666666664 0.5703125 0.0390625 0.046875
2 0.5140625 0.5734375 0.028645833333333332 0.05
2 0.3104166666666667 0.5611979166666666 0.10625 0.0890625
2 0.06197916666666667 0.45468749999999997 0.016666666666666666 0.028125
2 0.021744791666666666 0.44557291666666665 0.029427083333333333 0.034895833333333334
2 0.04244791666666667 0.5877604166666667 0.08489583333333334 0.25885416666666666
2 0.9704427083333333 0.5869791666666666 0.05859375 0.2552083333333333
2 0.11875 0.5020833333333333 0.1 0.13854166666666667
