2 0.4010416666666667 0.5205729166666666 0.024479166666666666 0.0203125
2 0.3919270833333333 0.5341145833333333 0.033854166666666664 0.027604166666666666
2 0.05859375 0.59375 0.1171875 0.2708333333333333
2 0.9536458333333333 0.5815104166666667 0.0921875 0.25677083333333334
2 0.625 0.47942708333333334 0.013541666666666667 0.024479166666666666
2 0.5904947916666666 0.4734375 0.012760416666666666 0.017708333333333333
2 0.57734375 0.4869791666666667 0.0140625 0.020833333333333332
2 0.5588541666666667 0.503125 0.0265625 0.03229166666666666
1 0.6166666666666667 0.5236979166666667 0.009895833333333333 0.03697916666666667
2 0.49895833333333334 0.5768229166666666 0.11041666666666666 0.13489583333333333
2 0.9296875 0.54140625 0.01875 0.049479166666666664
2 0.9194010416666667 0.5385416666666667 0.015364583333333333 0.035416666666666666
2 0.9140625 0.5291666666666667 0.022916666666666665 0.022916666666666665
2 0.21276041666666667 0.5578125 0.0067708333333333336 0.009375
2 0.22369791666666666 0.5578125 0.009895833333333333 0.0125
2 0.24010416666666667 0.5557291666666666 0.018229166666666668 0.015625
0 0.3609375 0.5393229166666667 0.0078125 0.0203125
2 0.605078125 0.45859374999999997 0.007552083333333333 0.011979166666666666
2 0.630078125 0.46848958333333335 0.008072916666666666 0.0140625
