2 0.5907552083333333 0.4731770833333333 0.01171875 0.0171875
2 0.577734375 0.4869791666666667 0.018489583333333334 0.020833333333333332
2 0.6259114583333333 0.4796875 0.015364583333333333 0.027083333333333334
1 0.6174479166666667 0.5182291666666666 0.010416666666666666 0.028125
2 0.5888020833333333 0.61484375 0.2328125 0.22864583333333333
2 0.3990885416666667 0.5203125 0.026822916666666665 0.022916666666666665
2 0.39153645833333334 0.5346354166666667 0.03411458333333333 0.030729166666666665
2 0.238671875 0.55625 0.019010416666666665 0.01875
2 0.05859375 0.59375 0.1171875 0.2708333333333333
2 0.9536458333333333 0.5815104166666667 0.0921875 0.25677083333333334
2 0.9296875 0.54140625 0.01875 0.049479166666666664
2 0.9194010416666667 0.5385416666666667 0.015364583333333333 0.035416666666666666
2 0.9140625 0.5291666666666667 0.022916666666666665 0.022916666666666665
2 0.2125 0.5572916666666666 0.0067708333333333336 0.009375
2 0.22317708333333333 0.5578125 0.0109375 0.0125
0 0.3611979166666667 0.5403645833333334 0.007291666666666667 0.0203125
2 0.8955729166666666 0.5260416666666666 0.005208333333333333 0.008333333333333333
2 0.56171875 0.49583333333333335 0.019791666666666666 0.013541666666666667
2 0.605078125 0.45859374999999997 0.007552083333333333 0.0109375
2 0.6299479166666666 0.46822916666666664 0.007291666666666667 0.014583333333333334
