2 0.39934895833333334 0.5213541666666667 0.02734375 0.020833333333333332
2 0.39140625 0.53359375 0.03177083333333333 0.0296875
2 0.5908854166666666 0.47291666666666665 0.011979166666666666 0.019791666666666666
2 0.5774739583333334 0.4864583333333333 0.014322916666666666 0.022916666666666665
2 0.5588541666666667 0.5046875 0.0265625 0.029166666666666667
2 0.6251302083333333 0.4817708333333333 0.01484375 0.02395833333333333
2 0.05846354166666667 0.5953125 0.11692708333333333 0.2708333333333333
2 0.9536458333333333 0.5815104166666667 0.0921875 0.25677083333333334
2 0.7016927083333333 0.6190104166666667 0.26536458333333335 0.24114583333333334
2 0.9296875 0.54140625 0.01875 0.049479166666666664
2 0.9194010416666667 0.5385416666666667 0.015364583333333333 0.035416666666666666
2 0.9140625 0.5291666666666667 0.022916666666666665 0.022916666666666665
2 0.21263020833333332 0.5591145833333333 0.00703125 0.0109375
2 0.22330729166666666 0.5572916666666666 0.01015625 0.0125
2 0.23971354166666667 0.5559895833333334 0.01796875 0.015104166666666667
0 0.361328125 0.5411458333333333 0.006510416666666667 0.01875
2 0.8957031249999999 0.52578125 0.00546875 0.0067708333333333336
2 0.6049479166666667 0.4588541666666667 0.0078125 0.011458333333333333
2 0.6298177083333333 0.4692708333333333 0.009114583333333334 0.013541666666666667
