2 0.591015625 0.4744791666666667 0.012239583333333333 0.019791666666666666
2 0.5772135416666666 0.48671875 0.01484375 0.022395833333333334
2 0.5598958333333334 0.50390625 0.026041666666666668 0.030729166666666665
2 0.625390625 0.48072916666666665 0.01484375 0.022916666666666665
1 0.6170572916666667 0.521875 0.009635416666666667 0.03229166666666666
2 0.39986979166666664 0.5208333333333334 0.02578125 0.019791666666666666
2 0.391796875 0.5346354166666667 0.03463541666666667 0.027604166666666666
2 0.23854166666666665 0.55546875 0.018229166666666668 0.019270833333333334
2 0.05859375 0.59375 0.1171875 0.2708333333333333
2 0.9536458333333333 0.5815104166666667 0.0921875 0.25677083333333334
2 0.7454427083333334 0.6127604166666667 0.20338541666666665 0.22135416666666666
2 0.9296875 0.54140625 0.01875 0.049479166666666664
2 0.9194010416666667 0.5385416666666667 0.015364583333333333 0.035416666666666666
2 0.9140625 0.5291666666666667 0.022916666666666665 0.022916666666666665
2 0.212890625 0.5583333333333333 0.007552083333333333 0.0125
2 0.223046875 0.5575520833333333 0.010677083333333334 0.011979166666666666
0 0.36106770833333335 0.5408854166666667 0.007552083333333333 0.019270833333333334
2 0.8959635416666667 0.5260416666666666 0.00546875 0.007291666666666667
