1 0.011979166666666666 0.5908854166666666 0.02395833333333333 0.09739583333333333
1 0.97265625 0.6127604166666667 0.05416666666666667 0.13072916666666667
2 0.04401041666666666 0.48151041666666666 0.03697916666666667 0.05364583333333333
2 0.05963541666666666 0.45026041666666666 0.019270833333333334 0.030729166666666665
2 0.06979166666666667 0.43697916666666664 0.013541666666666667 0.022916666666666665
2 0.056380208333333334 0.41432291666666665 0.004427083333333333 0.009895833333333333
2 0.050130208333333336 0.4158854166666667 0.00703125 0.011979166666666666
2 0.04544270833333333 0.41901041666666666 0.006510416666666667 0.013020833333333334
2 0.03854166666666667 0.4223958333333333 0.009375 0.016666666666666666
2 0.018229166666666668 0.4359375 0.015104166666666667 0.017708333333333333
2 0.9641927083333334 0.47109375 0.03984375 0.0453125
2 0.83359375 0.49114583333333334 0.013020833333333334 0.028125
2 0.7936197916666666 0.4921875 0.021614583333333333 0.01875
2 0.7859375 0.5002604166666667 0.014583333333333334 0.0171875
2 0.7716145833333333 0.50859375 0.029166666666666667 0.0265625
0 0.7673177083333333 0.5127604166666666 0.005989583333333333 0.024479166666666666
0 0.7645833333333333 0.49557291666666664 0.0036458333333333334 0.0140625
0 0.748046875 0.5153645833333333 0.004427083333333333 0.024479166666666666
0 0.73671875 0.5203125 0.0046875 0.025
2 0.35638020833333334 0.571875 0.00390625 0.008333333333333333
2 0.353515625 0.56796875 0.002864583333333333 0.0036458333333333334
2 0.36796875 0.5747395833333333 0.005729166666666666 0.0078125
2 0.374609375 0.57578125 0.008072916666666666 0.009895833333333333
2 0.38229166666666664 0.5768229166666666 0.008854166666666666 0.0109375
2 0.3880208333333333 0.5799479166666667 0.0078125 0.013020833333333334
0 0.3977864583333333 0.57890625 0.01328125 0.018229166666666668
2 0.4061197916666667 0.5807291666666666 0.018489583333333334 0.022916666666666665
2 0.41796875 0.5828125 0.021875 0.025
2 0.42604166666666665 0.584375 0.016666666666666666 0.022916666666666665
2 0.4393229166666667 0.5846354166666666 0.020833333333333332 0.025520833333333333
2 0.455078125 0.58515625 0.026302083333333334 0.028645833333333332
2 0.4731770833333333 0.5778645833333333 0.0109375 0.0265625
2 0.5259114583333333 0.56171875 0.01640625 0.019270833333333334
2 0.5541666666666667 0.5611979166666666 0.03958333333333333 0.05677083333333333
2 0.9912760416666666 0.4518229166666667 0.015364583333333333 0.025520833333333333
2 0.821875 0.46249999999999997 0.007291666666666667 0.00625
2 0.81640625 0.46770833333333334 0.009895833333333333 0.009375
2 0.8122395833333333 0.47031249999999997 0.009375 0.009375
2 0.8097656249999999 0.4739583333333333 0.01015625 0.007291666666666667
2 0.8079427083333334 0.47682291666666665 0.009114583333333334 0.0067708333333333336
2 0.8026041666666667 0.47942708333333334 0.016666666666666666 0.0109375
2 0.8 0.48411458333333335 0.0125 0.008854166666666666
2 0.0033854166666666668 0.44687499999999997 0.0067708333333333336 0.019791666666666666
0 0.5055989583333333 0.6760416666666667 0.09557291666666666 0.390625
