2 0.6251302083333333 0.48046875 0.014322916666666666 0.022395833333333334
1 0.616796875 0.5229166666666667 0.010677083333333334 0.03333333333333333
2 0.5908854166666666 0.4731770833333333 0.011458333333333333 0.015104166666666667
2 0.577734375 0.4864583333333333 0.015364583333333333 0.020833333333333332
2 0.5592447916666666 0.50390625 0.026822916666666665 0.03177083333333333
2 0.3997395833333333 0.5208333333333334 0.027083333333333334 0.01875
2 0.3912760416666667 0.5348958333333333 0.03359375 0.03125
2 0.23997395833333332 0.55546875 0.016927083333333332 0.019270833333333334
2 0.05859375 0.59375 0.1171875 0.2708333333333333
2 0.9536458333333333 0.5815104166666667 0.0921875 0.25677083333333334
2 0.7802083333333333 0.5895833333333333 0.15104166666666666 0.16875
2 0.9296875 0.54140625 0.01875 0.049479166666666664
2 0.9194010416666667 0.5385416666666667 0.015364583333333333 0.035416666666666666
2 0.9140625 0.5291666666666667 0.022916666666666665 0.022916666666666665
2 0.21276041666666667 0.5578125 0.0078125 0.009375
2 0.22330729166666666 0.5578125 0.01015625 0.013541666666666667
0 0.3611979166666667 0.5408854166666667 0.008333333333333333 0.018229166666666668
2 0.89609375 0.52578125 0.005208333333333333 0.0067708333333333336
2 0.396484375 0.50859375 0.015364583333333333 0.0067708333333333336
2 0.40013020833333335 0.5033854166666667 0.01171875 0.0067708333333333336
2 0.4016927083333333 0.49947916666666664 0.01015625 0.005208333333333333
