2 0.21276041666666667 0.5572916666666666 0.007291666666666667 0.011458333333333333
2 0.22369791666666666 0.5578125 0.009895833333333333 0.0125
2 0.239453125 0.5565104166666667 0.01796875 0.015104166666666667
2 0.39609375 0.5078125 0.01614583333333333 0.00625
2 0.3984375 0.5208333333333334 0.027083333333333334 0.019791666666666666
2 0.3912760416666667 0.5341145833333333 0.03359375 0.025520833333333333
0 0.3609375 0.5408854166666667 0.0078125 0.0203125
2 0.4009114583333333 0.5020833333333333 0.01171875 0.009375
2 0.605078125 0.4596354166666667 0.006510416666666667 0.011979166666666666
2 0.6298177083333333 0.46796875 0.008072916666666666 0.0140625
2 0.6248697916666667 0.4809895833333333 0.01328125 0.021354166666666667
2 0.5904947916666666 0.4739583333333333 0.010677083333333334 0.015625
2 0.5768229166666666 0.48671875 0.0140625 0.018229166666666668
2 0.558984375 0.5020833333333333 0.023697916666666666 0.029166666666666667
1 0.6169270833333333 0.52265625 0.009895833333333333 0.03177083333333333
2 0.5494791666666666 0.60390625 0.17916666666666667 0.19739583333333333
2 0.058984375 0.5924479166666666 0.11796875 0.2713541666666667
2 0.9611979166666667 0.5809895833333333 0.07708333333333334 0.24739583333333334
2 0.8951822916666666 0.5260416666666666 0.006510416666666667 0.009375
2 0.9294270833333333 0.5416666666666666 0.019270833333333334 0.05
2 0.9178385416666667 0.5401041666666666 0.012760416666666666 0.03333333333333333
2 0.9113281249999999 0.5348958333333333 0.005989583333333333 0.014583333333333334
2 0.914453125 0.5302083333333333 0.023697916666666666 0.026041666666666668
