2 0.05859375 0.59375 0.1171875 0.2708333333333333
2 0.9536458333333333 0.5815104166666667 0.0921875 0.25677083333333334
2 0.23854166666666665 0.5567708333333333 0.0171875 0.02395833333333333
2 0.399609375 0.5197916666666667 0.02734375 0.021875
2 0.3919270833333333 0.5346354166666667 0.034375 0.025520833333333333
2 0.5908854166666666 0.4734375 0.013541666666666667 0.016666666666666666
2 0.576953125 0.48671875 0.015364583333333333 0.022395833333333334
2 0.5595052083333333 0.5033854166666667 0.02734375 0.028645833333333332
2 0.6302083333333334 0.4669270833333333 0.0109375 0.018229166666666668
2 0.625390625 0.48020833333333335 0.014322916666666666 0.026041666666666668
1 0.6177083333333333 0.5213541666666667 0.011458333333333333 0.036458333333333336
2 0.5213541666666667 0.58203125 0.13958333333333334 0.1578125
2 0.9296875 0.54140625 0.01875 0.049479166666666664
2 0.9194010416666667 0.5385416666666667 0.015364583333333333 0.035416666666666666
2 0.9140625 0.5291666666666667 0.022916666666666665 0.022916666666666665
2 0.2125 0.5578125 0.005729166666666666 0.010416666666666666
2 0.22369791666666666 0.5572916666666666 0.010416666666666666 0.0125
2 0.23997395833333332 0.5559895833333334 0.018489583333333334 0.01614583333333333
0 0.361328125 0.540625 0.00703125 0.019791666666666666
2 0.8950520833333333 0.5263020833333333 0.005729166666666666 0.0078125
