1 0.6171875 0.5229166666666667 0.010416666666666666 0.035416666666666666
2 0.6251302083333333 0.48072916666666665 0.014322916666666666 0.022916666666666665
2 0.5907552083333333 0.47291666666666665 0.012239583333333333 0.015625
2 0.5768229166666666 0.48671875 0.014583333333333334 0.022395833333333334
2 0.55859375 0.5028645833333333 0.028125 0.030729166666666665
2 0.4005208333333333 0.51875 0.0265625 0.022916666666666665
2 0.39231770833333335 0.5333333333333333 0.03463541666666667 0.03125
2 0.058854166666666666 0.5997395833333333 0.11770833333333333 0.2765625
2 0.9546875 0.578125 0.09010416666666667 0.240625
2 0.4459635416666667 0.5453125 0.039322916666666666 0.058333333333333334
2 0.9296875 0.54140625 0.01875 0.049479166666666664
2 0.9194010416666667 0.5385416666666667 0.015364583333333333 0.035416666666666666
2 0.9140625 0.5291666666666667 0.022916666666666665 0.022916666666666665
2 0.240234375 0.5559895833333334 0.01796875 0.01614583333333333
2 0.21302083333333333 0.5580729166666667 0.007291666666666667 0.011979166666666666
2 0.223828125 0.5572916666666666 0.01015625 0.0125
0 0.358984375 0.5369791666666667 0.0049479166666666664 0.027083333333333334
2 0.605078125 0.45859374999999997 0.007552083333333333 0.011979166666666666
2 0.630078125 0.46848958333333335 0.008072916666666666 0.0140625
