2 0.6247395833333333 0.48072916666666665 0.015104166666666667 0.02395833333333333
1 0.6169270833333333 0.521875 0.010416666666666666 0.034375
2 0.5774739583333334 0.4869791666666667 0.015885416666666666 0.017708333333333333
2 0.558984375 0.5026041666666666 0.026822916666666665 0.030208333333333334
2 0.4010416666666667 0.5197916666666667 0.024479166666666666 0.019791666666666666
2 0.3912760416666667 0.534375 0.03463541666666667 0.028125
2 0.237890625 0.5567708333333333 0.016927083333333332 0.019791666666666666
2 0.05859375 0.59375 0.1171875 0.2708333333333333
2 0.9536458333333333 0.5815104166666667 0.0921875 0.25677083333333334
2 0.8489583333333334 0.5541666666666667 0.0609375 0.07395833333333333
2 0.9296875 0.54140625 0.01875 0.049479166666666664
2 0.9194010416666667 0.5385416666666667 0.015364583333333333 0.035416666666666666
2 0.9140625 0.5291666666666667 0.022916666666666665 0.022916666666666665
2 0.21263020833333332 0.5580729166666667 0.00703125 0.0109375
2 0.223046875 0.5580729166666667 0.011197916666666667 0.013020833333333334
2 0.240234375 0.5559895833333334 0.019010416666666665 0.01614583333333333
0 0.361328125 0.54140625 0.007552083333333333 0.018229166666666668
2 0.590625 0.4731770833333333 0.011979166666666666 0.015104166666666667
2 0.6053385416666667 0.4591145833333333 0.008072916666666666 0.009895833333333333
2 0.6298177083333333 0.46822916666666664 0.00859375 0.015625
2 0.896484375 0.5247395833333334 0.0049479166666666664 0.0067708333333333336
