0 0.9778645833333334 0.5717592592592593 0.022395833333333334 0.075
0 0.95078125 0.5541666666666667 0.024479166666666666 0.03981481481481482
0 0.9083333333333333 0.5740740740740741 0.008333333333333333 0.05
0 0.8947916666666667 0.5888888888888889 0.0125 0.044444444444444446
0 0.74609375 0.6671296296296296 0.0203125 0.07685185185185185
0 0.7252604166666666 0.6736111111111112 0.01614583333333333 0.0712962962962963
0 0.6817708333333333 0.6231481481481481 0.0125 0.06296296296296297
0 0.6721354166666667 0.6300925925925926 0.013020833333333334 0.06944444444444445
0 0.5635416666666666 0.5768518518518518 0.030208333333333334 0.053703703703703705
0 0.5317708333333333 0.5935185185185186 0.03958333333333333 0.0925925925925926
0 0.015625 0.5425925925925926 0.017708333333333333 0.05
0 0.034375 0.5361111111111111 0.015625 0.02592592592592593
0 0.024739583333333332 0.6018518518518519 0.027604166666666666 0.13518518518518519
0 0.04895833333333333 0.6537037037037037 0.03958333333333333 0.21296296296296297
0 0.08151041666666667 0.6212962962962963 0.025520833333333333 0.11666666666666667
0 0.07942708333333333 0.5449074074074074 0.005729166666666666 0.03425925925925926
0 0.07291666666666667 0.5472222222222223 0.005208333333333333 0.031481481481481485
0 0.17630208333333333 0.5842592592592593 0.005729166666666666 0.0462962962962963
0 0.16901041666666666 0.5824074074074075 0.008854166666666666 0.04259259259259259
5 0.49973958333333335 0.7462962962962963 0.9994791666666667 0.5055555555555555
