0 0.503125 0.5356481481481482 0.009375 0.04166666666666667
16 0.5138020833333333 0.5750000000000001 0.0078125 0.02777777777777778
16 0.5049479166666666 0.5773148148148148 0.005729166666666666 0.026851851851851852
16 0.4981770833333333 0.6083333333333334 0.0078125 0.0462962962962963
16 0.5125 0.6050925925925926 0.008333333333333333 0.036111111111111115
16 0.48359375 0.6699074074074074 0.0140625 0.0787037037037037
16 0.5200520833333333 0.6666666666666667 0.01614583333333333 0.07592592592592592
16 0.9914062499999999 0.5851851851851853 0.0067708333333333336 0.02962962962962963
16 0.9895833333333334 0.5583333333333333 0.00625 0.024074074074074074
0 0.9966145833333333 0.5189814814814815 0.005729166666666666 0.03796296296296296
0 0.03046875 0.7662037037037037 0.0609375 0.14537037037037037
0 0.059895833333333336 0.9013888888888889 0.11979166666666667 0.12685185185185185
0 0.9799479166666667 0.7763888888888889 0.0390625 0.10462962962962963
0 0.96328125 0.9106481481481482 0.07239583333333333 0.09907407407407408
