0 0.9135416666666667 0.5662037037037038 0.005208333333333333 0.032407407407407406
0 0.9190104166666666 0.5666666666666667 0.0067708333333333336 0.03333333333333333
0 0.9770833333333333 0.5726851851851852 0.025 0.07685185185185185
0 0.953125 0.5555555555555556 0.020833333333333332 0.03888888888888889
0 0.5635416666666666 0.5750000000000001 0.030208333333333334 0.05555555555555556
0 0.5317708333333333 0.5800925925925926 0.03333333333333333 0.06759259259259259
0 0.0546875 0.5287037037037037 0.005208333333333333 0.024074074074074074
0 0.04921875 0.5328703703703704 0.005729166666666666 0.025
0 0.0140625 0.5421296296296296 0.013541666666666667 0.05092592592592593
0 0.03463541666666667 0.5365740740740741 0.011979166666666666 0.025
0 0.02265625 0.6027777777777777 0.025520833333333333 0.1388888888888889
0 0.08072916666666667 0.5972222222222222 0.027083333333333334 0.07777777777777778
0 0.05078125 0.6527777777777778 0.04114583333333333 0.2111111111111111
0 0.528125 0.525462962962963 0.0020833333333333333 0.017592592592592594
0 0.5260416666666666 0.5259259259259259 0.003125 0.016666666666666666
5 0.49973958333333335 0.7430555555555556 0.9994791666666667 0.5120370370370371
