8 0.24609375 0.5166666666666667 0.1703125 0.11481481481481481
0 0.17473958333333334 0.5060185185185185 0.0067708333333333336 0.021296296296296296
0 0.18333333333333332 0.5083333333333333 0.005208333333333333 0.022222222222222223
0 0.18984375 0.5060185185185185 0.0036458333333333334 0.017592592592592594
0 0.22786458333333334 0.5050925925925926 0.0046875 0.028703703703703703
0 0.22369791666666666 0.5393518518518519 0.0046875 0.028703703703703703
0 0.21588541666666666 0.5046296296296297 0.005729166666666666 0.014814814814814815
0 0.20625 0.5078703703703704 0.00625 0.021296296296296296
0 0.2 0.5069444444444444 0.003125 0.01388888888888889
0 0.1953125 0.5050925925925926 0.005208333333333333 0.01388888888888889
0 0.47369791666666666 0.5907407407407408 0.04739583333333333 0.12222222222222223
0 0.5182291666666666 0.6032407407407407 0.03854166666666667 0.13425925925925927
0 0.5427083333333333 0.5935185185185186 0.027083333333333334 0.11481481481481481
0 0.5947916666666666 0.6296296296296297 0.041666666666666664 0.14814814814814814
0 0.5833333333333334 0.6060185185185185 0.07708333333333334 0.1212962962962963
8 0.49973958333333335 0.6796296296296297 0.9994791666666667 0.638888888888889
