2 0.3807291666666667 0.604248046875 0.20104166666666667 0.16162109375
0 0.52421875 0.591552734375 0.06666666666666667 0.12744140625
0 0.47578125 0.607421875 0.06770833333333333 0.22265625
0 0.38671875 0.51416015625 0.011458333333333333 0.037109375
0 0.36223958333333334 0.5234375 0.015625 0.04296875
0 0.2680989583333333 0.526611328125 0.01328125 0.02197265625
0 0.24856770833333333 0.5302734375 0.012760416666666666 0.0673828125
0 0.22630208333333332 0.52734375 0.009375 0.064453125
0 0.23424479166666667 0.544677734375 0.022135416666666668 0.07861328125
0 0.19166666666666665 0.551025390625 0.019791666666666666 0.12451171875
0 0.13580729166666666 0.53173828125 0.00859375 0.033203125
0 0.12890625 0.50732421875 0.015104166666666667 0.0400390625
0 0.1140625 0.531494140625 0.009895833333333333 0.07763671875
0 0.12252604166666667 0.532958984375 0.01171875 0.05224609375
0 0.10546875 0.535400390625 0.013020833333333334 0.09423828125
0 0.094921875 0.53076171875 0.010677083333333334 0.0810546875
0 0.08528645833333333 0.536376953125 0.01015625 0.07958984375
0 0.80625 0.5546875 0.011458333333333333 0.123046875
0 0.8123697916666667 0.526123046875 0.015885416666666666 0.09326171875
0 0.822265625 0.544189453125 0.01640625 0.08642578125
0 0.8380208333333333 0.545654296875 0.019791666666666666 0.12548828125
0 0.6776041666666667 0.525146484375 0.013541666666666667 0.07568359375
0 0.7407552083333333 0.60302734375 0.048177083333333336 0.236328125
