2 0.8559895833333333 0.474365234375 0.015104166666666667 0.01123046875
0 0.7890625 0.481201171875 0.003125 0.01513671875
0 0.787109375 0.482666015625 0.002864583333333333 0.01416015625
0 0.7559895833333333 0.4853515625 0.0026041666666666665 0.01171875
0 0.7471354166666666 0.486328125 0.0026041666666666665 0.0107421875
0 0.5178385416666667 0.50927734375 0.002864583333333333 0.0107421875
0 0.3723958333333333 0.50341796875 0.0036458333333333334 0.013671875
0 0.41119791666666666 0.509033203125 0.0015625 0.00732421875
0 0.355859375 0.50634765625 0.002864583333333333 0.0126953125
0 0.34518229166666664 0.50537109375 0.00390625 0.0126953125
0 0.2505208333333333 0.4892578125 0.003125 0.0126953125
0 0.25390625 0.490478515625 0.0026041666666666665 0.01220703125
0 0.25729166666666664 0.490234375 0.003125 0.01171875
2 0.432421875 0.547607421875 0.08567708333333333 0.07470703125
2 0.4028645833333333 0.506103515625 0.008854166666666666 0.01220703125
2 0.382421875 0.505615234375 0.00546875 0.00830078125
2 0.41158854166666664 0.509521484375 0.00546875 0.00634765625
2 0.4203125 0.5107421875 0.00625 0.0068359375
2 0.25807291666666665 0.556640625 0.0703125 0.0830078125
2 0.5701822916666667 0.50341796875 0.03619791666666666 0.041015625
2 0.6005208333333333 0.522216796875 0.0609375 0.06494140625
