2 0.8557291666666667 0.474609375 0.014583333333333334 0.01171875
0 0.7895833333333333 0.483154296875 0.003125 0.01318359375
0 0.787109375 0.48291015625 0.0033854166666666668 0.01171875
0 0.7561197916666667 0.48583984375 0.00234375 0.0107421875
0 0.7466145833333333 0.48583984375 0.0026041666666666665 0.0107421875
0 0.7520833333333333 0.4853515625 0.0015625 0.0087890625
0 0.7537760416666667 0.485107421875 0.0018229166666666667 0.01025390625
0 0.7493489583333334 0.4853515625 0.002864583333333333 0.01171875
2 0.509765625 0.52587890625 0.06692708333333333 0.0546875
2 0.4009114583333333 0.6259765625 0.2596354166666667 0.2236328125
2 0.2852864583333333 0.538818359375 0.05755208333333333 0.05322265625
2 0.21080729166666667 0.518798828125 0.023177083333333334 0.03466796875
0 0.257421875 0.489501953125 0.002864583333333333 0.01123046875
0 0.2540364583333333 0.490234375 0.00234375 0.01171875
0 0.2505208333333333 0.490234375 0.003125 0.0126953125
