2 0.30336189991604834 0.4138559611930258 0.030853367592939367 0.0389766099417273
2 0.3404935588986082 0.43929118826942726 0.04340570289810728 0.06276276458997587
2 0.37019902909288227 0.44990753819351603 0.04021509846269774 0.05955409069569734
2 0.4092951491002882 0.485109255033744 0.037380143410898015 0.08552270990168864
7 0.3020833333333333 0.3896484375 0.042708333333333334 0.025390625
7 0.37057291666666664 0.410400390625 0.07083333333333333 0.05419921875
0 0.72109375 0.604248046875 0.003125 0.01416015625
0 0.725 0.60498046875 0.003125 0.013671875
0 0.09557291666666666 0.455078125 0.007291666666666667 0.02734375
0 0.10234375 0.4521484375 0.005729166666666666 0.0263671875
