0 0.08528645833333333 0.53662109375 0.009635416666666667 0.078125
0 0.09635416666666667 0.53125 0.0109375 0.0771484375
0 0.11119791666666666 0.53466796875 0.011458333333333333 0.0888671875
0 0.12903645833333333 0.517333984375 0.013802083333333333 0.05615234375
0 0.12513020833333333 0.533447265625 0.009635416666666667 0.04443359375
0 0.14505208333333333 0.541015625 0.007291666666666667 0.044921875
0 0.19153645833333333 0.54833984375 0.02005208333333333 0.119140625
0 0.22643229166666667 0.531494140625 0.00703125 0.06787109375
0 0.24752604166666667 0.530517578125 0.009635416666666667 0.06494140625
0 0.265234375 0.54248046875 0.01328125 0.05078125
0 0.231640625 0.53955078125 0.025260416666666667 0.0927734375
0 0.3606770833333333 0.531005859375 0.013020833333333334 0.05419921875
0 0.3872395833333333 0.51953125 0.010416666666666666 0.04296875
0 0.4591145833333333 0.51904296875 0.009375 0.0205078125
0 0.47604166666666664 0.606689453125 0.057291666666666664 0.22412109375
0 0.521484375 0.5673828125 0.02578125 0.0947265625
0 0.5350260416666667 0.5986328125 0.06848958333333333 0.111328125
0 0.6600260416666667 0.613525390625 0.06848958333333333 0.24365234375
0 0.7126302083333333 0.50439453125 0.007552083333333333 0.0244140625
0 0.84375 0.52587890625 0.007291666666666667 0.0859375
0 0.836328125 0.5458984375 0.015364583333333333 0.1240234375
0 0.8235677083333334 0.4951171875 0.006510416666666667 0.0244140625
0 0.8233072916666666 0.545654296875 0.01328125 0.07861328125
0 0.7537760416666667 0.5087890625 0.00859375 0.04296875
0 0.7630208333333334 0.549072265625 0.008333333333333333 0.08740234375
0 0.80546875 0.546630859375 0.0109375 0.09619140625
0 0.8102864583333333 0.52685546875 0.014322916666666666 0.0859375
0 0.8156249999999999 0.510498046875 0.00625 0.04638671875
7 0.7305989583333333 0.480712890625 0.026302083333333334 0.03564453125
2 0.3997395833333333 0.609130859375 0.21458333333333332 0.15478515625
