0 0.09557291666666666 0.455078125 0.007291666666666667 0.02734375
0 0.10234375 0.4521484375 0.005729166666666666 0.0263671875
7 0.3020833333333333 0.3896484375 0.042708333333333334 0.025390625
7 0.37057291666666664 0.410400390625 0.07083333333333333 0.05419921875
2 0.3450520833333333 0.44140625 0.04114583333333333 0.056640625
2 0.3821614583333333 0.45166015625 0.030989583333333334 0.037109375
2 0.40520833333333334 0.4951171875 0.05677083333333333 0.0869140625
2 0.46627604166666664 0.5283203125 0.06484375 0.0966796875
2 0.54921875 0.60107421875 0.06510416666666667 0.1142578125
2 0.73359375 0.603515625 0.010416666666666666 0.0126953125
0 0.72109375 0.604248046875 0.003125 0.01416015625
0 0.725 0.60498046875 0.003125 0.013671875
