2 0.8555989583333333 0.474853515625 0.01484375 0.01123046875
0 0.7889322916666667 0.482177734375 0.002864583333333333 0.01513671875
0 0.787109375 0.482421875 0.002864583333333333 0.0146484375
0 0.7561197916666667 0.485595703125 0.00234375 0.01025390625
0 0.7497395833333333 0.485107421875 0.0026041666666666665 0.01123046875
0 0.7467447916666666 0.486328125 0.00234375 0.0107421875
0 0.34479166666666666 0.505126953125 0.003125 0.01318359375
0 0.372265625 0.501708984375 0.002864583333333333 0.01416015625
0 0.35625 0.50341796875 0.003125 0.013671875
0 0.2571614583333333 0.490478515625 0.00390625 0.01220703125
0 0.25364583333333335 0.490478515625 0.0026041666666666665 0.01123046875
0 0.25026041666666665 0.489990234375 0.0036458333333333334 0.01318359375
2 0.54765625 0.51318359375 0.05520833333333333 0.056640625
0 0.51796875 0.509521484375 0.003125 0.00927734375
2 0.224609375 0.528076171875 0.03671875 0.04736328125
2 0.34544270833333335 0.55126953125 0.07942708333333333 0.068359375
2 0.5415364583333333 0.576171875 0.10546875 0.1533203125
