2 0.40768229166666664 0.60498046875 0.21328125 0.154296875
0 0.39010416666666664 0.519287109375 0.0125 0.05224609375
0 0.360546875 0.53466796875 0.015364583333333333 0.0595703125
0 0.26875 0.52734375 0.0109375 0.0244140625
0 0.24882812499999998 0.530517578125 0.015885416666666666 0.06884765625
0 0.224609375 0.531005859375 0.013802083333333333 0.07080078125
0 0.23138020833333334 0.5380859375 0.023177083333333334 0.095703125
0 0.19453125 0.548828125 0.025520833333333333 0.1171875
0 0.15078125 0.549072265625 0.011458333333333333 0.06103515625
0 0.12825520833333334 0.5029296875 0.01640625 0.033203125
0 0.128125 0.532470703125 0.013020833333333334 0.04052734375
0 0.11614583333333334 0.534912109375 0.013541666666666667 0.09326171875
0 0.09557291666666666 0.53076171875 0.011458333333333333 0.0810546875
0 0.085546875 0.536376953125 0.009635416666666667 0.08056640625
0 0.8045572916666667 0.547119140625 0.009114583333333334 0.10498046875
0 0.82421875 0.544677734375 0.015104166666666667 0.07861328125
0 0.8380208333333333 0.54443359375 0.017708333333333333 0.123046875
0 0.6588541666666666 0.5224609375 0.02395833333333333 0.0732421875
0 0.6432291666666666 0.61328125 0.0640625 0.2666015625
0 0.52578125 0.53076171875 0.027604166666666666 0.0283203125
0 0.5454427083333333 0.5908203125 0.06953125 0.0986328125
0 0.4822916666666667 0.60595703125 0.05416666666666667 0.2158203125
0 0.4602864583333333 0.518310546875 0.009114583333333334 0.02001953125
0 0.48528645833333334 0.52197265625 0.017447916666666667 0.0166015625
0 0.7158854166666666 0.50439453125 0.0067708333333333336 0.0244140625
0 0.7584635416666666 0.5087890625 0.00546875 0.0400390625
0 0.762890625 0.552978515625 0.01015625 0.08251953125
0 0.753125 0.5 0.003125 0.0244140625
0 0.8071614583333333 0.525146484375 0.010677083333333334 0.08740234375
0 0.8194010416666666 0.50927734375 0.007552083333333333 0.04296875
0 0.8243489583333333 0.502197265625 0.004427083333333333 0.03564453125
0 0.8430989583333334 0.5283203125 0.006510416666666667 0.0869140625
7 0.73046875 0.4794921875 0.025 0.0341796875
