2 0.6281082647704626 0.6457949820429697 0.17061276920521706 0.13345692091810002
2 0.7141383903350654 0.6319280404140664 0.046121703485111 0.0455560122298132
2 0.7539596934174568 0.6595596466843052 0.09149222623156347 0.07371308596457826
2 0.7938658945971003 0.6272577402799075 0.054963259650122845 0.03017454234848793
7 0.3020833333333333 0.3896484375 0.042708333333333334 0.025390625
7 0.37057291666666664 0.410400390625 0.07083333333333333 0.05419921875
0 0.72109375 0.604248046875 0.003125 0.01416015625
0 0.725 0.60498046875 0.003125 0.013671875
0 0.09557291666666666 0.455078125 0.007291666666666667 0.02734375
0 0.10234375 0.4521484375 0.005729166666666666 0.0263671875
