2 0.41367187499999997 0.6015625 0.21432291666666667 0.154296875
0 0.39166666666666666 0.525634765625 0.0125 0.05224609375
0 0.360546875 0.53466796875 0.015364583333333333 0.0595703125
0 0.26875 0.52734375 0.0109375 0.0244140625
0 0.24882812499999998 0.530517578125 0.015885416666666666 0.06884765625
0 0.224609375 0.531005859375 0.013802083333333333 0.07080078125
0 0.23138020833333334 0.5380859375 0.023177083333333334 0.095703125
0 0.19453125 0.548828125 0.025520833333333333 0.1171875
0 0.15078125 0.549072265625 0.011458333333333333 0.06103515625
0 0.12825520833333334 0.5029296875 0.01640625 0.033203125
0 0.128125 0.532470703125 0.013020833333333334 0.04052734375
0 0.11614583333333334 0.534912109375 0.013541666666666667 0.09326171875
0 0.09557291666666666 0.53076171875 0.011458333333333333 0.0810546875
0 0.085546875 0.536376953125 0.009635416666666667 0.08056640625
0 0.8045572916666667 0.547119140625 0.009114583333333334 0.10498046875
0 0.82421875 0.544677734375 0.015104166666666667 0.07861328125
0 0.8380208333333333 0.54443359375 0.017708333333333333 0.123046875
0 0.6588541666666666 0.5224609375 0.02395833333333333 0.0732421875
0 0.6432291666666666 0.61328125 0.0640625 0.2666015625
0 0.52578125 0.53076171875 0.027604166666666666 0.0283203125
0 0.5454427083333333 0.5908203125 0.06953125 0.0986328125
0 0.4822916666666667 0.60595703125 0.05416666666666667 0.2158203125
7 0.7303385416666667 0.481201171875 0.024739583333333332 0.03369140625
0 0.7186197916666667 0.51611328125 0.00859375 0.0478515625
0 0.7532552083333334 0.501708984375 0.00390625 0.02978515625
0 0.7627604166666666 0.552978515625 0.009895833333333333 0.08447265625
0 0.759765625 0.51611328125 0.002864583333333333 0.03125
0 0.8067708333333333 0.52587890625 0.011458333333333333 0.087890625
0 0.8229166666666666 0.503173828125 0.0067708333333333336 0.03271484375
0 0.8411458333333334 0.527099609375 0.011458333333333333 0.08642578125
0 0.8430989583333334 0.491455078125 0.00390625 0.01318359375
0 0.459375 0.517822265625 0.008333333333333333 0.02099609375
