0 0.7239583333333334 0.51220703125 0.008333333333333333 0.044921875
0 0.8037760416666666 0.551025390625 0.008072916666666666 0.09326171875
0 0.8201822916666667 0.54638671875 0.014322916666666666 0.080078125
0 0.835546875 0.546630859375 0.01953125 0.12451171875
0 0.08489583333333334 0.536376953125 0.011458333333333333 0.07763671875
0 0.094921875 0.530517578125 0.012239583333333333 0.08154296875
0 0.11354166666666667 0.5341796875 0.013541666666666667 0.0791015625
0 0.123828125 0.522705078125 0.01171875 0.06591796875
0 0.13033854166666667 0.507080078125 0.01328125 0.04052734375
0 0.140625 0.542236328125 0.011979166666666666 0.03857421875
0 0.15872395833333333 0.55419921875 0.011197916666666667 0.0693359375
0 0.19309895833333332 0.54296875 0.01796875 0.115234375
0 0.231640625 0.541015625 0.022135416666666668 0.0947265625
0 0.226171875 0.52783203125 0.009114583333333334 0.0703125
0 0.2484375 0.5302734375 0.01614583333333333 0.0673828125
0 0.268359375 0.527099609375 0.01484375 0.02294921875
2 0.427734375 0.60205078125 0.20546875 0.146484375
0 0.5419270833333333 0.53564453125 0.029166666666666667 0.0419921875
0 0.5520833333333334 0.57861328125 0.05 0.0927734375
0 0.492578125 0.60205078125 0.06953125 0.2041015625
0 0.6428385416666667 0.526611328125 0.015885416666666666 0.07080078125
0 0.5850260416666666 0.627685546875 0.055989583333333336 0.29638671875
0 0.8239583333333333 0.5029296875 0.00625 0.0380859375
0 0.805078125 0.525634765625 0.009114583333333334 0.08251953125
0 0.840625 0.52685546875 0.011458333333333333 0.0888671875
