2 0.3641935254015673 0.4550413101535755 0.04719361052227266 0.07190194421696999
2 0.40487441570433874 0.4649370754849132 0.03917240853063498 0.05865090253310834
2 0.44736228674296324 0.5321475364864403 0.07131824483482146 0.12632212614931748
2 0.5150364350222696 0.5600542739410093 0.0738033917030459 0.11527963429447508
2 0.6090595432061356 0.6217272118251191 0.07637091491591429 0.11239181451943814
7 0.3020833333333333 0.3896484375 0.042708333333333334 0.025390625
7 0.37057291666666664 0.410400390625 0.07083333333333333 0.05419921875
0 0.72109375 0.604248046875 0.003125 0.01416015625
0 0.725 0.60498046875 0.003125 0.013671875
0 0.09557291666666666 0.455078125 0.007291666666666667 0.02734375
0 0.10234375 0.4521484375 0.005729166666666666 0.0263671875
