2 0.5736979166666667 0.533935546875 0.07708333333333334 0.08642578125
2 0.565234375 0.499755859375 0.032552083333333336 0.02880859375
0 0.517578125 0.50927734375 0.0033854166666666668 0.009765625
0 0.344921875 0.50537109375 0.0033854166666666668 0.0146484375
0 0.35625 0.50390625 0.0026041666666666665 0.013671875
0 0.372265625 0.502197265625 0.0033854166666666668 0.01220703125
2 0.3826822916666667 0.50634765625 0.005989583333333333 0.0078125
2 0.40195312499999997 0.505615234375 0.009635416666666667 0.01025390625
0 0.4109375 0.509521484375 0.0015625 0.00537109375
2 0.411328125 0.509033203125 0.005989583333333333 0.00732421875
0 0.7893229166666667 0.483154296875 0.0020833333333333333 0.01318359375
0 0.7875 0.4833984375 0.0020833333333333333 0.009765625
0 0.7559895833333333 0.48583984375 0.0020833333333333333 0.01171875
0 0.7467447916666666 0.486328125 0.0018229166666666667 0.009765625
2 0.855859375 0.475341796875 0.014322916666666666 0.01220703125
