2 0.315808099049016 0.41908157226307163 0.03349911418448652 0.03028011545499648
2 0.35713083228039866 0.4502051344732647 0.049148384162845164 0.07164546645086822
2 0.3965988896280582 0.46691389877910217 0.046527656501068645 0.07456899210016593
2 0.44709442388295256 0.5186913628109345 0.042824248338979666 0.09991337539351058
7 0.3020833333333333 0.3896484375 0.042708333333333334 0.025390625
7 0.37057291666666664 0.410400390625 0.07083333333333333 0.05419921875
0 0.72109375 0.604248046875 0.003125 0.01416015625
0 0.725 0.60498046875 0.003125 0.013671875
0 0.09557291666666666 0.455078125 0.007291666666666667 0.02734375
0 0.10234375 0.4521484375 0.005729166666666666 0.0263671875
