0 0.5270833333333333 0.58740234375 0.06927083333333334 0.1201171875
0 0.4809895833333333 0.601318359375 0.06458333333333333 0.22119140625
2 0.38307291666666665 0.60107421875 0.1828125 0.1552734375
0 0.3614583333333333 0.527099609375 0.0140625 0.04833984375
0 0.3865885416666667 0.515380859375 0.009635416666666667 0.03955078125
0 0.2680989583333333 0.527587890625 0.009635416666666667 0.02197265625
0 0.24869791666666666 0.5322265625 0.011458333333333333 0.068359375
0 0.22630208333333332 0.53125 0.00625 0.06640625
0 0.23268229166666665 0.5400390625 0.02109375 0.095703125
0 0.08502604166666666 0.53759765625 0.012760416666666666 0.0791015625
0 0.09583333333333333 0.529052734375 0.011458333333333333 0.07763671875
0 0.10716145833333333 0.536376953125 0.012239583333333333 0.09423828125
0 0.12213541666666666 0.53369140625 0.013541666666666667 0.0517578125
0 0.128515625 0.507568359375 0.015885416666666666 0.04052734375
0 0.19153645833333333 0.54638671875 0.01953125 0.1279296875
0 0.7501302083333333 0.510986328125 0.013802083333333333 0.05126953125
0 0.8061197916666667 0.551025390625 0.012239583333333333 0.10595703125
0 0.8122395833333333 0.524169921875 0.01614583333333333 0.08935546875
0 0.8235677083333334 0.546630859375 0.01484375 0.08154296875
0 0.8388020833333333 0.545166015625 0.021354166666666667 0.12158203125
0 0.6725260416666666 0.525146484375 0.018489583333333334 0.06884765625
0 0.7075520833333333 0.604736328125 0.0703125 0.22802734375
