0 0.633203125 0.527587890625 0.01484375 0.07861328125
0 0.5072916666666667 0.60107421875 0.058333333333333334 0.2041015625
0 0.35638020833333334 0.549560546875 0.01796875 0.09423828125
0 0.2671875 0.535400390625 0.015104166666666667 0.04638671875
0 0.24830729166666665 0.530029296875 0.01484375 0.06494140625
0 0.23320312499999998 0.536865234375 0.02005208333333333 0.10009765625
0 0.19557291666666665 0.540771484375 0.021875 0.11279296875
0 0.16510416666666666 0.55419921875 0.0125 0.068359375
0 0.14791666666666667 0.549560546875 0.011979166666666666 0.05029296875
0 0.13072916666666667 0.52294921875 0.0109375 0.0654296875
0 0.112890625 0.5322265625 0.013802083333333333 0.08203125
0 0.095703125 0.52978515625 0.013802083333333333 0.08203125
0 0.08515625 0.537353515625 0.009375 0.08251953125
0 0.8196614583333334 0.547607421875 0.014322916666666666 0.08154296875
0 0.8361979166666667 0.545654296875 0.017708333333333333 0.12158203125
0 0.7298177083333334 0.513427734375 0.00703125 0.04248046875
0 0.558203125 0.628662109375 0.07890625 0.29443359375
2 0.4342447916666667 0.594482421875 0.16640625 0.13134765625
0 0.7252604166666666 0.509521484375 0.005729166666666666 0.04150390625
0 0.7303385416666667 0.483154296875 0.023697916666666666 0.03662109375
0 0.8020833333333334 0.522705078125 0.004166666666666667 0.07861328125
0 0.823828125 0.50244140625 0.00703125 0.0361328125
0 0.840234375 0.526123046875 0.012239583333333333 0.08642578125
0 0.8674479166666667 0.50146484375 0.0067708333333333336 0.033203125
