2 0.684849198642649 0.6460902702022651 0.07325307623552686 0.0722061639612358
2 0.7618442773590242 0.6568438942743771 0.10295346343390838 0.0508069678366434
2 0.7755716853906959 0.6250938243989502 0.03619068240550251 0.02898258218104721
2 0.810189480318213 0.6313213944965251 0.07676946706767633 0.030736014548693236
2 0.8371974813265699 0.610578529193913 0.04030162939095341 0.021213163959530434
7 0.3020833333333333 0.3896484375 0.042708333333333334 0.025390625
7 0.37057291666666664 0.410400390625 0.07083333333333333 0.05419921875
0 0.72109375 0.604248046875 0.003125 0.01416015625
0 0.725 0.60498046875 0.003125 0.013671875
0 0.09557291666666666 0.455078125 0.007291666666666667 0.02734375
0 0.10234375 0.4521484375 0.005729166666666666 0.0263671875
