2 0.38125855502434747 0.47796647218871824 0.05843417177198263 0.09937977667128339
2 0.4340851133052832 0.49457537814222263 0.056003151416459514 0.08526205698621742
2 0.49882055250475427 0.5800390711410961 0.09933444113230927 0.1544819633199238
2 0.5630331279167322 0.5892529611070305 0.0784059485454661 0.10291077810867988
2 0.6588022905686389 0.6346276885181037 0.08214607999397086 0.08891525453099802
7 0.3020833333333333 0.3896484375 0.042708333333333334 0.025390625
7 0.37057291666666664 0.410400390625 0.07083333333333333 0.05419921875
0 0.72109375 0.604248046875 0.003125 0.01416015625
0 0.725 0.60498046875 0.003125 0.013671875
0 0.09557291666666666 0.455078125 0.007291666666666667 0.02734375
0 0.10234375 0.4521484375 0.005729166666666666 0.0263671875
