2 0.33115076654522974 0.4320542043227613 0.03847653060372724 0.05149884997115489
2 0.3817362758543819 0.4701545122754423 0.04793248041529902 0.07165145585044919
2 0.42888106687227684 0.49516899490442146 0.055146222446110824 0.07838948974720489
2 0.4951180493355291 0.5599301739158898 0.0520815209502602 0.11084041207966977
7 0.3020833333333333 0.3896484375 0.042708333333333334 0.025390625
7 0.37057291666666664 0.410400390625 0.07083333333333333 0.05419921875
0 0.72109375 0.604248046875 0.003125 0.01416015625
0 0.725 0.60498046875 0.003125 0.013671875
0 0.09557291666666666 0.455078125 0.007291666666666667 0.02734375
0 0.10234375 0.4521484375 0.005729166666666666 0.0263671875
