2 0.7022032046987994 0.6411753083003915 0.07837212376650389 0.08232263119909633
2 0.6122679105312486 0.6110803731716197 0.07502794003354628 0.09846254682433442
2 0.5689779609256445 0.6193230053668752 0.12436936538200556 0.15939255724634183
2 0.46139448957328427 0.5222126583747677 0.06138137293504145 0.09704298423281899
2 0.4128563704157578 0.5158578716636635 0.08554839893978769 0.14356848647969989
7 0.3020833333333333 0.3896484375 0.042708333333333334 0.025390625
7 0.37057291666666664 0.410400390625 0.07083333333333333 0.05419921875
0 0.72109375 0.604248046875 0.003125 0.01416015625
0 0.725 0.60498046875 0.003125 0.013671875
0 0.09557291666666666 0.455078125 0.007291666666666667 0.02734375
0 0.10234375 0.4521484375 0.005729166666666666 0.0263671875
