0 0.09661458333333334 0.453369140625 0.005729166666666666 0.02490234375
0 0.10234375 0.451904296875 0.005729166666666666 0.02490234375
2 0.27838541666666666 0.40673828125 0.016666666666666666 0.017578125
7 0.30182291666666666 0.388427734375 0.042708333333333334 0.02490234375
2 0.303125 0.41845703125 0.03333333333333333 0.025390625
2 0.32708333333333334 0.42578125 0.027604166666666666 0.0341796875
2 0.35390625 0.4423828125 0.025520833333333333 0.0478515625
2 0.706640625 0.59619140625 0.011197916666666667 0.015625
2 0.733984375 0.603759765625 0.01015625 0.01318359375
0 0.72109375 0.605712890625 0.0036458333333333334 0.01416015625
0 0.7248697916666667 0.605712890625 0.002864583333333333 0.01416015625
