2 0.4651066148063511 0.5670850404812183 0.12682665759014444 0.18963867592705402
2 0.4962647223890902 0.5527416416040953 0.07684854297073969 0.10873918271396316
2 0.6437215477343665 0.6446423704018782 0.1275304994206369 0.1189444419597907
2 0.65377361242375 0.6264258041417465 0.07313461087473208 0.08254992662151284
2 0.73821429086962 0.641547982817549 0.07063529495176356 0.05655665665269105
7 0.3020833333333333 0.3896484375 0.042708333333333334 0.025390625
7 0.37057291666666664 0.410400390625 0.07083333333333333 0.05419921875
0 0.72109375 0.604248046875 0.003125 0.01416015625
0 0.725 0.60498046875 0.003125 0.013671875
0 0.09557291666666666 0.455078125 0.007291666666666667 0.02734375
0 0.10234375 0.4521484375 0.005729166666666666 0.0263671875
