0 0.7376302083333334 0.50830078125 0.00703125 0.0361328125
0 0.7276041666666666 0.507568359375 0.00625 0.03662109375
0 0.7217447916666666 0.50830078125 0.009635416666666667 0.041015625
0 0.6975260416666667 0.52001953125 0.012760416666666666 0.056640625
0 0.2359375 0.514404296875 0.009375 0.03076171875
0 0.22669270833333333 0.515869140625 0.01171875 0.03759765625
0 0.24661458333333333 0.530029296875 0.0125 0.06298828125
2 0.4563802083333333 0.53173828125 0.04348958333333333 0.064453125
0 0.38763020833333334 0.522705078125 0.01484375 0.05615234375
0 0.226171875 0.556396484375 0.03307291666666667 0.05419921875
0 0.08502604166666666 0.53564453125 0.009114583333333334 0.0830078125
0 0.13020833333333334 0.5146484375 0.0140625 0.0537109375
0 0.11276041666666667 0.52978515625 0.013541666666666667 0.0791015625
0 0.123828125 0.5380859375 0.01171875 0.0615234375
0 0.09427083333333333 0.5380859375 0.0171875 0.10546875
0 0.18684895833333334 0.57958984375 0.02786458333333333 0.06640625
0 0.015625 0.590087890625 0.03125 0.20361328125
0 0.8067708333333333 0.553466796875 0.013541666666666667 0.12939453125
0 0.8227864583333333 0.54541015625 0.01484375 0.0810546875
0 0.8373697916666667 0.546142578125 0.019010416666666665 0.13037109375
0 0.5139322916666667 0.575927734375 0.029947916666666668 0.16455078125
0 0.4490885416666667 0.60693359375 0.08880208333333334 0.1611328125
2 0.31536458333333334 0.606689453125 0.1828125 0.18505859375
7 0.730078125 0.4775390625 0.02421875 0.02734375
0 0.987109375 0.623046875 0.025260416666666667 0.2001953125
0 0.2680989583333333 0.52734375 0.009635416666666667 0.017578125
0 0.353515625 0.519775390625 0.01171875 0.02685546875
0 0.4602864583333333 0.517333984375 0.01171875 0.02197265625
0 0.4549479166666667 0.595703125 0.09166666666666666 0.1259765625
0 0.8235677083333334 0.49609375 0.00703125 0.0263671875
0 0.8119791666666667 0.5263671875 0.013541666666666667 0.083984375
0 0.8410156249999999 0.527587890625 0.012239583333333333 0.08837890625
