0 0.09557291666666666 0.454833984375 0.0067708333333333336 0.02490234375
0 0.10143229166666666 0.452392578125 0.005989583333333333 0.02490234375
2 0.134765625 0.42822265625 0.010677083333333334 0.009765625
7 0.30247395833333335 0.387939453125 0.04140625 0.02685546875
7 0.37135416666666665 0.40966796875 0.06822916666666666 0.056640625
2 0.7063802083333334 0.59814453125 0.011197916666666667 0.0126953125
0 0.721484375 0.605224609375 0.00234375 0.01318359375
0 0.725390625 0.606201171875 0.002864583333333333 0.01318359375
2 0.7338541666666667 0.603271484375 0.010416666666666666 0.01220703125
2 0.7583333333333333 0.645751953125 0.0609375 0.04931640625
2 0.8188802083333333 0.640625 0.061197916666666664 0.0537109375
2 0.82265625 0.6083984375 0.025520833333333333 0.0146484375
2 0.855078125 0.61083984375 0.04765625 0.0341796875
2 0.8705729166666667 0.593994140625 0.029166666666666667 0.01806640625
