2 0.4998697916666667 0.583740234375 0.14973958333333334 0.16455078125
2 0.5427083333333333 0.496337890625 0.04375 0.02392578125
2 0.5934895833333333 0.501708984375 0.021875 0.02197265625
2 0.855859375 0.47607421875 0.01640625 0.01171875
0 0.7559895833333333 0.4853515625 0.0026041666666666665 0.01171875
0 0.7873697916666667 0.483642578125 0.00234375 0.01220703125
0 0.789453125 0.483154296875 0.00234375 0.01416015625
0 0.7470052083333333 0.486328125 0.0018229166666666667 0.0107421875
0 0.3453125 0.5048828125 0.003125 0.0107421875
0 0.35638020833333334 0.503662109375 0.0033854166666666668 0.01318359375
0 0.37213541666666666 0.50244140625 0.003125 0.0146484375
2 0.40260416666666665 0.505859375 0.009375 0.0126953125
2 0.38229166666666664 0.505859375 0.00625 0.0087890625
2 0.6247395833333333 0.49755859375 0.025 0.021484375
