2 0.25859375 0.574951171875 0.09947916666666666 0.13232421875
0 0.2506510416666667 0.489013671875 0.002864583333333333 0.01123046875
0 0.25390625 0.489990234375 0.0020833333333333333 0.01025390625
0 0.257421875 0.48974609375 0.0033854166666666668 0.01171875
2 0.401171875 0.568115234375 0.12317708333333333 0.10009765625
2 0.8557291666666667 0.47509765625 0.014583333333333334 0.01171875
0 0.7899739583333333 0.482666015625 0.0033854166666666668 0.01416015625
0 0.7869791666666667 0.482666015625 0.003125 0.01416015625
0 0.7559895833333333 0.4853515625 0.0026041666666666665 0.0107421875
0 0.7466145833333333 0.486083984375 0.0026041666666666665 0.01025390625
0 0.749609375 0.4853515625 0.00234375 0.01171875
