2 0.6366559836945835 0.6345714959564923 0.07522753655127801 0.08944009768791517
2 0.7020463816494267 0.6575256123472515 0.12938820168041307 0.0650959772913351
2 0.7469064270879615 0.6347339888488602 0.04301595987932399 0.04381267509842557
2 0.7867279811693428 0.6444547045753883 0.07839704366838897 0.047307403901936884
2 0.8174828719772936 0.6195866324055697 0.04700060303323236 0.02671919644490539
7 0.3020833333333333 0.3896484375 0.042708333333333334 0.025390625
7 0.37057291666666664 0.410400390625 0.07083333333333333 0.05419921875
0 0.72109375 0.604248046875 0.003125 0.01416015625
0 0.725 0.60498046875 0.003125 0.013671875
0 0.09557291666666666 0.455078125 0.007291666666666667 0.02734375
0 0.10234375 0.4521484375 0.005729166666666666 0.0263671875
