2 0.8557291666666667 0.474853515625 0.015625 0.01123046875
0 0.7893229166666667 0.482421875 0.0026041666666666665 0.013671875
0 0.7872395833333333 0.482177734375 0.0026041666666666665 0.01123046875
0 0.7561197916666667 0.4853515625 0.00234375 0.01171875
0 0.748828125 0.485595703125 0.00234375 0.00927734375
0 0.7470052083333333 0.485595703125 0.0018229166666666667 0.00830078125
2 0.617578125 0.506591796875 0.038802083333333334 0.04150390625
2 0.58515625 0.501708984375 0.027083333333333334 0.02880859375
2 0.50078125 0.5244140625 0.06770833333333333 0.0712890625
2 0.4205729166666667 0.511474609375 0.0067708333333333336 0.00537109375
2 0.411328125 0.509033203125 0.005989583333333333 0.00732421875
0 0.4109375 0.509521484375 0.0020833333333333333 0.00732421875
2 0.40195312499999997 0.505859375 0.009635416666666667 0.01171875
2 0.3828125 0.505859375 0.005729166666666666 0.0068359375
0 0.372265625 0.501953125 0.0033854166666666668 0.0126953125
0 0.35638020833333334 0.50439453125 0.0033854166666666668 0.0146484375
0 0.34479166666666666 0.505126953125 0.004166666666666667 0.01318359375
0 0.2571614583333333 0.48974609375 0.002864583333333333 0.0107421875
0 0.25364583333333335 0.48974609375 0.0026041666666666665 0.0078125
0 0.25026041666666665 0.489013671875 0.003125 0.01123046875
2 0.3475260416666667 0.6025390625 0.15651041666666665 0.1533203125
