0 0.08502604166666666 0.53662109375 0.00859375 0.0791015625
0 0.09518229166666667 0.531005859375 0.012239583333333333 0.07861328125
0 0.10481770833333333 0.536376953125 0.014322916666666666 0.09326171875
0 0.11393229166666667 0.530517578125 0.01015625 0.07568359375
0 0.12942708333333333 0.508056640625 0.013020833333333334 0.04052734375
0 0.12239583333333333 0.531005859375 0.011458333333333333 0.04443359375
0 0.19088541666666667 0.57373046875 0.03177083333333333 0.076171875
0 0.22799479166666667 0.5546875 0.03046875 0.06640625
0 0.22838541666666667 0.51416015625 0.008854166666666666 0.033203125
0 0.23723958333333334 0.511474609375 0.0078125 0.02392578125
0 0.24622395833333333 0.53076171875 0.009114583333333334 0.0634765625
0 0.2680989583333333 0.52587890625 0.008072916666666666 0.0185546875
0 0.36171875 0.518798828125 0.011458333333333333 0.02978515625
0 0.3865885416666667 0.514404296875 0.012239583333333333 0.03369140625
0 0.46015625 0.51806640625 0.011458333333333333 0.01953125
0 0.49309895833333334 0.605712890625 0.08307291666666666 0.22900390625
0 0.501171875 0.620849609375 0.08463541666666667 0.08642578125
0 0.6881510416666666 0.5224609375 0.015364583333333333 0.060546875
0 0.7001302083333333 0.502685546875 0.005989583333333333 0.01904296875
0 0.7026041666666667 0.499755859375 0.005208333333333333 0.02197265625
7 0.7287760416666667 0.48095703125 0.02265625 0.0341796875
7 0.7440104166666667 0.5087890625 0.00625 0.0361328125
7 0.7380208333333333 0.50830078125 0.0078125 0.041015625
2 0.36158854166666665 0.610595703125 0.21692708333333333 0.16162109375
0 0.8052083333333333 0.525146484375 0.0109375 0.04931640625
0 0.8123697916666667 0.501953125 0.011197916666666667 0.04296875
0 0.8429687499999999 0.524658203125 0.009375 0.09130859375
0 0.8373697916666667 0.550537109375 0.009114583333333334 0.11083984375
0 0.8360677083333333 0.604736328125 0.07161458333333333 0.25341796875
0 0.75390625 0.5068359375 0.005729166666666666 0.0400390625
