0 0.87265625 0.543212890625 0.016666666666666666 0.06982421875
0 0.8175781249999999 0.559326171875 0.018489583333333334 0.14013671875
0 0.785546875 0.541015625 0.024739583333333332 0.123046875
0 0.6354166666666666 0.636962890625 0.059375 0.35693359375
0 0.58203125 0.57568359375 0.029166666666666667 0.1611328125
0 0.5506510416666667 0.580078125 0.026302083333333334 0.1787109375
0 0.5225260416666666 0.6025390625 0.03567708333333333 0.23046875
0 0.4973958333333333 0.53955078125 0.019270833333333334 0.0927734375
0 0.426171875 0.545166015625 0.015364583333333333 0.11376953125
0 0.44296874999999997 0.556884765625 0.0171875 0.11865234375
0 0.4434895833333333 0.53076171875 0.014583333333333334 0.03515625
0 0.41966145833333335 0.580322265625 0.014322916666666666 0.07080078125
0 0.3546875 0.590087890625 0.03333333333333333 0.21826171875
0 0.336328125 0.585693359375 0.01640625 0.16748046875
0 0.21705729166666665 0.671630859375 0.10442708333333334 0.37548828125
