7 0.541796875 0.487548828125 0.02265625 0.01904296875
0 0.5842447916666667 0.54541015625 0.02578125 0.13671875
0 0.484765625 0.5849609375 0.06380208333333333 0.2421875
2 0.459765625 0.576171875 0.22265625 0.2060546875
2 0.15638020833333333 0.5009765625 0.0049479166666666664 0.0078125
2 0.20598958333333334 0.50732421875 0.0125 0.0146484375
8 0.7407552083333333 0.49853515625 0.022135416666666668 0.01171875
8 0.729296875 0.5009765625 0.02265625 0.013671875
8 0.7018229166666666 0.49951171875 0.030208333333333334 0.03515625
8 0.6087239583333334 0.54638671875 0.07786458333333333 0.0546875
