0 0.5872395833333334 0.547119140625 0.022395833333333334 0.13818359375
0 0.5971354166666667 0.558837890625 0.027604166666666666 0.16845703125
2 0.4653645833333333 0.587646484375 0.24791666666666667 0.23388671875
2 0.560546875 0.491455078125 0.01171875 0.01416015625
8 0.6311197916666667 0.54736328125 0.047135416666666666 0.0537109375
8 0.704296875 0.5009765625 0.029947916666666668 0.03515625
8 0.730859375 0.504150390625 0.021614583333333333 0.01220703125
8 0.741796875 0.499755859375 0.02265625 0.01220703125
7 0.154296875 0.496826171875 0.006510416666666667 0.01220703125
2 0.16223958333333333 0.501220703125 0.005208333333333333 0.00830078125
