36 0.46901041666666665 0.59033203125 0.07447916666666667 0.0546875
36 0.4029947916666667 0.5517578125 0.04348958333333333 0.0439453125
36 0.3248697916666667 0.51123046875 0.023697916666666666 0.0234375
36 0.279296875 0.64892578125 0.046614583333333334 0.1376953125
0 0.7205729166666667 0.54296875 0.0125 0.0478515625
0 0.7389322916666666 0.543701171875 0.01171875 0.04443359375
0 0.27317708333333335 0.47998046875 0.08385416666666666 0.4130859375
0 0.32591145833333335 0.4677734375 0.023697916666666666 0.0908203125
0 0.41236979166666665 0.48876953125 0.055989583333333336 0.130859375
0 0.4864583333333333 0.49462890625 0.08333333333333333 0.208984375
