0 0.8440104166666667 0.60791015625 0.0609375 0.341796875
0 0.890234375 0.494384765625 0.0049479166666666664 0.01708984375
0 0.987109375 0.531982421875 0.025260416666666667 0.11083984375
0 0.013802083333333333 0.51806640625 0.0109375 0.0615234375
0 0.08072916666666667 0.513427734375 0.011979166666666666 0.05224609375
0 0.4296875 0.537109375 0.025 0.107421875
0 0.40572916666666664 0.527587890625 0.0125 0.09033203125
0 0.39557291666666666 0.542724609375 0.015625 0.10595703125
0 0.3651041666666667 0.550537109375 0.03125 0.14111328125
0 0.268359375 0.54248046875 0.02109375 0.109375
0 0.004166666666666667 0.518798828125 0.008333333333333333 0.04150390625
