0 0.5438802083333333 0.585693359375 0.04609375 0.24658203125
0 0.4778645833333333 0.592529296875 0.0546875 0.28759765625
2 0.4634114583333333 0.582275390625 0.24036458333333333 0.22509765625
2 0.301171875 0.505126953125 0.05130208333333333 0.03662109375
8 0.610546875 0.546875 0.08463541666666667 0.0537109375
8 0.7028645833333333 0.5 0.03125 0.0361328125
8 0.7290364583333333 0.504150390625 0.023177083333333334 0.01123046875
8 0.7411458333333333 0.5009765625 0.024479166666666666 0.0126953125
2 0.18294270833333334 0.501953125 0.01015625 0.013671875
2 0.5807291666666666 0.48876953125 0.0067708333333333336 0.0087890625
0 0.5795572916666667 0.49560546875 0.0033854166666666668 0.015625
