0 0.15338541666666666 0.5087890625 0.0067708333333333336 0.0517578125
0 0.20833333333333334 0.64501953125 0.058854166666666666 0.3623046875
0 0.13971354166666666 0.54638671875 0.017447916666666667 0.1279296875
0 0.11354166666666667 0.53173828125 0.014583333333333334 0.119140625
0 0.08997395833333333 0.52734375 0.015364583333333333 0.0927734375
0 0.025651041666666666 0.528076171875 0.015885416666666666 0.09423828125
0 0.9161458333333333 0.60888671875 0.0609375 0.328125
0 0.6236979166666666 0.657470703125 0.04635416666666667 0.33154296875
0 0.47031249999999997 0.540771484375 0.019270833333333334 0.12353515625
0 0.44895833333333335 0.544677734375 0.017708333333333333 0.11669921875
0 0.44140625 0.585205078125 0.018229166666666668 0.08740234375
0 0.2877604166666667 0.552490234375 0.015625 0.11767578125
0 0.27109375 0.55126953125 0.0171875 0.123046875
