0 0.578125 0.569580078125 0.03177083333333333 0.20458984375
0 0.45416666666666666 0.5888671875 0.057812499999999996 0.259765625
2 0.45794270833333334 0.57861328125 0.22213541666666667 0.2021484375
2 0.30833333333333335 0.51123046875 0.04791666666666666 0.029296875
2 0.16783854166666667 0.50244140625 0.00703125 0.0078125
7 0.5739583333333333 0.48681640625 0.018229166666666668 0.0146484375
8 0.6157552083333333 0.54541015625 0.06588541666666667 0.056640625
8 0.701953125 0.500244140625 0.029947916666666668 0.03759765625
8 0.7291666666666666 0.502685546875 0.022916666666666665 0.00927734375
8 0.7403645833333333 0.49853515625 0.022395833333333334 0.0107421875
