0 0.3684895833333333 0.531982421875 0.014583333333333334 0.07470703125
0 0.41328125 0.5615234375 0.036458333333333336 0.173828125
0 0.53046875 0.541015625 0.015625 0.1064453125
0 0.5041666666666667 0.54248046875 0.028125 0.103515625
0 0.8463541666666666 0.61181640625 0.08125 0.357421875
0 0.9805989583333333 0.521728515625 0.01171875 0.07861328125
0 0.00546875 0.541015625 0.0109375 0.10546875
0 0.08411458333333333 0.514892578125 0.008854166666666666 0.05126953125
0 0.1453125 0.634033203125 0.05260416666666667 0.35302734375
0 0.12486979166666666 0.55517578125 0.023177083333333334 0.125
0 0.16497395833333334 0.556396484375 0.016927083333333332 0.12060546875
0 0.9955729166666667 0.540771484375 0.008333333333333333 0.08349609375
