0 0.5470052083333333 0.579833984375 0.04453125 0.23876953125
0 0.48385416666666664 0.591552734375 0.04635416666666667 0.27880859375
2 0.46263020833333335 0.581787109375 0.23880208333333333 0.22119140625
8 0.61015625 0.547119140625 0.08385416666666666 0.05419921875
8 0.7022135416666666 0.500244140625 0.029947916666666668 0.03662109375
8 0.7290364583333333 0.504150390625 0.023177083333333334 0.01123046875
8 0.740234375 0.500732421875 0.02265625 0.01220703125
2 0.2701822916666667 0.509765625 0.03984375 0.02734375
2 0.17981770833333333 0.50146484375 0.01015625 0.0146484375
2 0.159375 0.500732421875 0.00625 0.00927734375
