0 0.9576822916666666 0.58837890625 0.04244791666666667 0.2822265625
0 0.9234375 0.561279296875 0.04375 0.21044921875
0 0.8713541666666667 0.56689453125 0.053125 0.2119140625
0 0.6944010416666666 0.5517578125 0.02786458333333333 0.1064453125
2 0.6641927083333333 0.4912109375 0.012239583333333333 0.0234375
2 0.2813802083333333 0.4833984375 0.02786458333333333 0.037109375
8 0.06692708333333333 0.5771484375 0.13385416666666666 0.1044921875
8 0.27265625 0.522216796875 0.10572916666666667 0.04541015625
8 0.020963541666666665 0.530517578125 0.04192708333333333 0.03369140625
8 0.01614583333333333 0.509033203125 0.03229166666666666 0.01416015625
8 0.38255208333333335 0.5400390625 0.1140625 0.0546875
8 0.5510416666666667 0.56103515625 0.14739583333333334 0.0791015625
8 0.9747395833333333 0.53515625 0.05 0.0283203125
8 0.49895833333333334 0.751220703125 0.9973958333333334 0.49658203125
