0 0.8098958333333334 0.591064453125 0.03958333333333333 0.22314453125
0 0.73515625 0.6943359375 0.15833333333333333 0.4150390625
0 0.694140625 0.61376953125 0.04140625 0.2548828125
0 0.6700520833333333 0.567138671875 0.0140625 0.14111328125
0 0.6416666666666666 0.62158203125 0.04583333333333333 0.2607421875
0 0.6240885416666666 0.539794921875 0.01796875 0.09423828125
0 0.5938802083333333 0.563720703125 0.024739583333333332 0.04736328125
0 0.436328125 0.55419921875 0.016927083333333332 0.0478515625
0 0.4217447916666667 0.591064453125 0.023177083333333334 0.19482421875
0 0.3319010416666667 0.558349609375 0.012760416666666666 0.13232421875
0 0.3184895833333333 0.55908203125 0.01614583333333333 0.1669921875
0 0.6158854166666666 0.55029296875 0.013020833333333334 0.0810546875
0 0.7536458333333333 0.485595703125 0.028125 0.04443359375
