0 0.6171875 0.656005859375 0.06354166666666666 0.34130859375
0 0.47369791666666666 0.5751953125 0.0296875 0.0791015625
0 0.47734375 0.515625 0.022395833333333334 0.0634765625
0 0.443359375 0.54931640625 0.015364583333333333 0.12109375
0 0.2872395833333333 0.551025390625 0.015625 0.10888671875
0 0.272265625 0.54833984375 0.014322916666666666 0.1240234375
0 0.1984375 0.6435546875 0.05 0.3662109375
0 0.137109375 0.499755859375 0.01484375 0.04443359375
0 0.14205729166666667 0.545654296875 0.01953125 0.12548828125
0 0.12747395833333333 0.512939453125 0.009635416666666667 0.09033203125
0 0.11302083333333333 0.531005859375 0.0171875 0.12158203125
0 0.0890625 0.524658203125 0.015625 0.08642578125
0 0.9100260416666667 0.61181640625 0.07421875 0.333984375
0 0.03229166666666666 0.545654296875 0.019270833333333334 0.13330078125
0 0.15065104166666665 0.507568359375 0.009114583333333334 0.06591796875
0 0.155078125 0.509521484375 0.00546875 0.05419921875
