0 0.07890625 0.634033203125 0.025 0.08740234375
0 0.16002604166666667 0.71533203125 0.03984375 0.15625
0 0.22096354166666665 0.8466796875 0.08307291666666666 0.130859375
0 0.79140625 0.789306640625 0.06770833333333333 0.14990234375
0 0.5813802083333334 0.841064453125 0.07734375 0.12841796875
0 0.47044270833333335 0.88525390625 0.11744791666666667 0.078125
0 0.3802083333333333 0.8349609375 0.13333333333333333 0.1240234375
0 0.28424479166666666 0.7958984375 0.05130208333333333 0.140625
0 0.29049479166666664 0.70556640625 0.04505208333333333 0.076171875
0 0.4380208333333333 0.6162109375 0.019270833333333334 0.04296875
0 0.4375 0.649658203125 0.015104166666666667 0.05712890625
0 0.4145833333333333 0.633544921875 0.017708333333333333 0.10400390625
0 0.42161458333333335 0.605712890625 0.008854166666666666 0.03076171875
0 0.39153645833333334 0.584228515625 0.012239583333333333 0.08349609375
0 0.37890625 0.586181640625 0.015625 0.10205078125
0 0.026953124999999998 0.718505859375 0.053906249999999996 0.13818359375
0 0.03802083333333333 0.683349609375 0.022916666666666665 0.06884765625
0 0.15651041666666665 0.927978515625 0.3130208333333333 0.14306640625
0 0.9505208333333334 0.92724609375 0.0984375 0.14453125
0 0.5760416666666667 0.796630859375 0.05625 0.07275390625
