0 0.8390624999999999 0.57373046875 0.04583333333333333 0.158203125
0 0.8916666666666666 0.5380859375 0.0265625 0.1279296875
0 0.8608072916666667 0.533447265625 0.023697916666666666 0.12744140625
0 0.6919270833333333 0.548095703125 0.028125 0.10791015625
2 0.57578125 0.486328125 0.0421875 0.0283203125
2 0.27955729166666665 0.482421875 0.02734375 0.03515625
8 0.06692708333333333 0.5771484375 0.13385416666666666 0.1044921875
8 0.27265625 0.522216796875 0.10572916666666667 0.04541015625
8 0.020963541666666665 0.530517578125 0.04192708333333333 0.03369140625
8 0.01614583333333333 0.509033203125 0.03229166666666666 0.01416015625
8 0.38255208333333335 0.5400390625 0.1140625 0.0546875
8 0.5510416666666667 0.56103515625 0.14739583333333334 0.0791015625
8 0.9747395833333333 0.53515625 0.05 0.0283203125
8 0.49895833333333334 0.751220703125 0.9973958333333334 0.49658203125
