16 0.5036458333333333 0.628662109375 0.0234375 0.03955078125
0 0.44088541666666664 0.64697265625 0.01614583333333333 0.0673828125
0 0.43984375 0.58642578125 0.01875 0.0693359375
0 0.4217447916666667 0.62451171875 0.019010416666666665 0.087890625
0 0.393359375 0.5849609375 0.01171875 0.0791015625
0 0.38111979166666665 0.58935546875 0.01484375 0.0986328125
0 0.8670572916666667 0.774169921875 0.05078125 0.14794921875
0 0.043359375 0.70458984375 0.045572916666666664 0.1611328125
0 0.58046875 0.832275390625 0.07916666666666666 0.14208984375
0 0.4747395833333333 0.875244140625 0.10677083333333333 0.10791015625
0 0.3846354166666667 0.835693359375 0.13020833333333334 0.13720703125
0 0.29440104166666664 0.78857421875 0.05234375 0.1640625
0 0.2936197916666667 0.696533203125 0.04609375 0.06787109375
0 0.21705729166666665 0.85302734375 0.10182291666666667 0.134765625
0 0.14453125 0.788818359375 0.0953125 0.16259765625
0 0.20078125 0.69775390625 0.03333333333333333 0.1416015625
0 0.11315104166666666 0.929931640625 0.22630208333333332 0.12841796875
0 0.577734375 0.782958984375 0.04765625 0.05810546875
0 0.9829427083333333 0.749267578125 0.03359375 0.11083984375
0 0.9330729166666667 0.9228515625 0.13333333333333333 0.1298828125
