0 0.5153645833333333 0.5 0.0171875 0.0458984375
2 0.465234375 0.591064453125 0.2544270833333333 0.24658203125
7 0.3352864583333333 0.490234375 0.06484375 0.0654296875
2 0.17578125 0.50244140625 0.008333333333333333 0.009765625
8 0.623046875 0.546875 0.06692708333333333 0.0537109375
8 0.705859375 0.500732421875 0.029947916666666668 0.03662109375
8 0.7305989583333333 0.503662109375 0.023177083333333334 0.01123046875
8 0.742578125 0.500732421875 0.02265625 0.01220703125
0 0.5803385416666667 0.496337890625 0.0033854166666666668 0.01708984375
2 0.5713541666666666 0.490234375 0.0067708333333333336 0.0068359375
