0 0.548046875 0.578857421875 0.04296875 0.23876953125
0 0.48411458333333335 0.59375 0.049479166666666664 0.279296875
2 0.4627604166666667 0.580810546875 0.23697916666666666 0.22412109375
8 0.6100260416666666 0.54736328125 0.08359375 0.0546875
8 0.7022135416666666 0.500244140625 0.029947916666666668 0.03662109375
8 0.7290364583333333 0.504150390625 0.023177083333333334 0.01123046875
8 0.740234375 0.500732421875 0.02265625 0.01220703125
2 0.29661458333333335 0.510009765625 0.04583333333333333 0.02978515625
2 0.183984375 0.5009765625 0.011197916666666667 0.013671875
2 0.16080729166666666 0.500732421875 0.006510416666666667 0.00927734375
