0 0.024348958333333334 0.620361328125 0.04869791666666667 0.30810546875
0 0.041015625 0.5107421875 0.009635416666666667 0.0498046875
0 0.9580729166666666 0.519287109375 0.008333333333333333 0.05908203125
0 0.9502604166666666 0.51806640625 0.0109375 0.0654296875
0 0.887109375 0.539794921875 0.02421875 0.13818359375
0 0.8813802083333333 0.481689453125 0.00859375 0.03076171875
0 0.7740885416666666 0.56982421875 0.03515625 0.263671875
0 0.5158854166666667 0.5263671875 0.024479166666666666 0.0888671875
0 0.3653645833333333 0.5390625 0.01875 0.0751953125
0 0.31393229166666664 0.57421875 0.03359375 0.1884765625
2 0.9723958333333333 0.631103515625 0.0546875 0.31884765625
