0 0.9188802083333333 0.611572265625 0.06692708333333333 0.33544921875
0 0.6263020833333334 0.65185546875 0.057812499999999996 0.3369140625
0 0.47109375 0.5439453125 0.017708333333333333 0.1220703125
0 0.45013020833333334 0.516845703125 0.028385416666666666 0.04638671875
0 0.442578125 0.585205078125 0.01328125 0.09423828125
0 0.28880208333333335 0.54736328125 0.013020833333333334 0.103515625
0 0.2752604166666667 0.546630859375 0.01614583333333333 0.12255859375
0 0.21067708333333332 0.647705078125 0.06614583333333333 0.34521484375
0 0.15403645833333332 0.508056640625 0.008072916666666666 0.06005859375
0 0.143359375 0.543701171875 0.016927083333333332 0.12255859375
0 0.126953125 0.512939453125 0.010677083333333334 0.09326171875
0 0.1125 0.529052734375 0.015104166666666667 0.12060546875
0 0.08919270833333333 0.524658203125 0.013802083333333333 0.08837890625
0 0.02981770833333333 0.536376953125 0.01484375 0.11376953125
