0 0.36015625 0.526611328125 0.011979166666666666 0.07861328125
0 0.3854166666666667 0.525146484375 0.016666666666666666 0.06591796875
0 0.5147135416666666 0.549072265625 0.024739583333333332 0.15576171875
0 0.8489583333333334 0.60888671875 0.06875 0.3486328125
0 0.04635416666666667 0.613037109375 0.07291666666666667 0.35400390625
0 0.0015625 0.51171875 0.003125 0.048828125
0 0.009114583333333334 0.513916015625 0.008333333333333333 0.05126953125
0 0.0265625 0.502685546875 0.008854166666666666 0.02490234375
0 0.08333333333333333 0.513916015625 0.009375 0.04931640625
0 0.16223958333333333 0.557373046875 0.02395833333333333 0.13427734375
0 0.5380208333333333 0.533203125 0.0140625 0.11328125
0 0.5076822916666667 0.5224609375 0.012760416666666666 0.0615234375
0 0.996484375 0.513671875 0.006510416666666667 0.0546875
