0 0.9356770833333333 0.59521484375 0.06822916666666666 0.251953125
0 0.8600260416666666 0.57666015625 0.061197916666666664 0.212890625
0 0.728125 0.50390625 0.05625 0.1181640625
2 0.27955729166666665 0.48291015625 0.031510416666666666 0.0361328125
8 0.06692708333333333 0.5771484375 0.13385416666666666 0.1044921875
8 0.27265625 0.522216796875 0.10572916666666667 0.04541015625
8 0.020963541666666665 0.530517578125 0.04192708333333333 0.03369140625
8 0.01614583333333333 0.509033203125 0.03229166666666666 0.01416015625
8 0.38255208333333335 0.5400390625 0.1140625 0.0546875
8 0.5510416666666667 0.56103515625 0.14739583333333334 0.0791015625
8 0.9747395833333333 0.53515625 0.05 0.0283203125
8 0.49895833333333334 0.751220703125 0.9973958333333334 0.49658203125
