0 0.22369791666666666 0.515625 0.008333333333333333 0.05078125
0 0.21770833333333334 0.5146484375 0.0067708333333333336 0.0390625
0 0.04153645833333333 0.51171875 0.01484375 0.0517578125
0 0.8864583333333333 0.53662109375 0.022916666666666665 0.1396484375
0 0.7979166666666666 0.64404296875 0.1546875 0.3857421875
0 0.7716145833333333 0.564453125 0.03229166666666666 0.25390625
0 0.5139322916666667 0.538330078125 0.029427083333333333 0.12451171875
0 0.3671875 0.53515625 0.017708333333333333 0.0791015625
0 0.3 0.572021484375 0.0375 0.19384765625
0 0.5385416666666667 0.53662109375 0.015104166666666667 0.0791015625
