0 0.9582031249999999 0.593017578125 0.029947916666666668 0.28955078125
0 0.9303385416666666 0.563232421875 0.03203125 0.21533203125
0 0.8678385416666666 0.567138671875 0.05234375 0.22412109375
0 0.7036458333333333 0.540771484375 0.022916666666666665 0.06884765625
2 0.2805989583333333 0.48388671875 0.029947916666666668 0.044921875
8 0.06692708333333333 0.5771484375 0.13385416666666666 0.1044921875
8 0.27265625 0.522216796875 0.10572916666666667 0.04541015625
8 0.020963541666666665 0.530517578125 0.04192708333333333 0.03369140625
8 0.01614583333333333 0.509033203125 0.03229166666666666 0.01416015625
8 0.38255208333333335 0.5400390625 0.1140625 0.0546875
8 0.5510416666666667 0.56103515625 0.14739583333333334 0.0791015625
8 0.9747395833333333 0.53515625 0.05 0.0283203125
8 0.49895833333333334 0.751220703125 0.9973958333333334 0.49658203125
