2 0.562890625 0.49169921875 0.010677083333333334 0.0107421875
0 0.5397135416666666 0.575439453125 0.04401041666666666 0.23388671875
0 0.47747395833333334 0.588623046875 0.05651041666666667 0.26708984375
2 0.4608072916666667 0.578369140625 0.22838541666666667 0.21337890625
2 0.35885416666666664 0.507568359375 0.027604166666666666 0.03076171875
8 0.608984375 0.547119140625 0.08151041666666667 0.05419921875
8 0.7022135416666666 0.500244140625 0.029947916666666668 0.03662109375
8 0.7290364583333333 0.504150390625 0.023177083333333334 0.01123046875
8 0.740234375 0.500732421875 0.02265625 0.01220703125
2 0.15703125 0.50048828125 0.005729166666666666 0.0087890625
