16 0.776171875 0.58935546875 0.03411458333333333 0.04296875
0 0.8682291666666666 0.543212890625 0.021354166666666667 0.07666015625
0 0.815234375 0.5654296875 0.03203125 0.154296875
0 0.740625 0.547607421875 0.03802083333333333 0.13916015625
0 0.6604166666666667 0.58642578125 0.042708333333333334 0.228515625
0 0.6209635416666667 0.5576171875 0.021614583333333333 0.1376953125
0 0.5845052083333333 0.58056640625 0.029427083333333333 0.173828125
0 0.551953125 0.582763671875 0.029427083333333333 0.18017578125
0 0.5233072916666667 0.598388671875 0.028906249999999998 0.22216796875
0 0.498046875 0.5380859375 0.020572916666666666 0.0927734375
0 0.4283854166666667 0.546142578125 0.0171875 0.11669921875
0 0.44036458333333334 0.56103515625 0.0171875 0.1162109375
0 0.443359375 0.5322265625 0.012239583333333333 0.0302734375
0 0.419921875 0.588623046875 0.014322916666666666 0.05224609375
0 0.35442708333333334 0.591064453125 0.030208333333333334 0.21826171875
0 0.33177083333333335 0.58203125 0.016666666666666666 0.16796875
0 0.22161458333333334 0.671875 0.08854166666666667 0.380859375
