0 0.7522135416666667 0.49169921875 0.02265625 0.060546875
0 0.815234375 0.59912109375 0.03671875 0.2041015625
0 0.7436197916666667 0.546875 0.03723958333333333 0.119140625
0 0.7194010416666666 0.697021484375 0.15390625 0.40576171875
0 0.643359375 0.626708984375 0.04140625 0.26318359375
0 0.5927083333333333 0.562255859375 0.024479166666666666 0.04541015625
0 0.4360677083333333 0.554443359375 0.02005208333333333 0.04443359375
0 0.421875 0.590087890625 0.026041666666666668 0.18896484375
0 0.33294270833333334 0.55712890625 0.01484375 0.1298828125
0 0.3165364583333333 0.5556640625 0.01953125 0.1611328125
0 0.6248697916666667 0.552734375 0.020572916666666666 0.11328125
0 0.6161458333333333 0.556884765625 0.013020833333333334 0.08447265625
0 0.7140625 0.5322265625 0.042708333333333334 0.08984375
0 0.7212239583333333 0.51611328125 0.015885416666666666 0.0546875
0 0.6694010416666667 0.571044921875 0.026302083333333334 0.15087890625
0 0.8266927083333333 0.53759765625 0.01171875 0.0771484375
