0 0.9115885416666667 0.550048828125 0.03723958333333333 0.16259765625
0 0.880859375 0.543701171875 0.024739583333333332 0.14208984375
0 0.841796875 0.564697265625 0.04765625 0.12646484375
0 0.6970052083333333 0.547119140625 0.02421875 0.09228515625
2 0.66953125 0.49267578125 0.01614583333333333 0.0234375
2 0.621484375 0.48583984375 0.028906249999999998 0.0322265625
2 0.28125 0.48291015625 0.027083333333333334 0.0361328125
8 0.06692708333333333 0.5771484375 0.13385416666666666 0.1044921875
8 0.27265625 0.522216796875 0.10572916666666667 0.04541015625
8 0.020963541666666665 0.530517578125 0.04192708333333333 0.03369140625
8 0.01614583333333333 0.509033203125 0.03229166666666666 0.01416015625
8 0.38255208333333335 0.5400390625 0.1140625 0.0546875
8 0.5510416666666667 0.56103515625 0.14739583333333334 0.0791015625
8 0.9747395833333333 0.53515625 0.05 0.0283203125
8 0.49895833333333334 0.751220703125 0.9973958333333334 0.49658203125
