0 0.6145833333333334 0.4770833333333333 0.0078125 0.05
0 0.6345052083333333 0.46822916666666664 0.006510416666666667 0.025
16 0.6200520833333333 0.4888020833333333 0.008333333333333333 0.0234375
2 0.50546875 0.4861979166666667 0.035416666666666666 0.03177083333333333
2 0.48072916666666665 0.4901041666666667 0.057291666666666664 0.041666666666666664
2 0.38177083333333334 0.5020833333333333 0.07708333333333334 0.078125
2 0.309375 0.496875 0.029166666666666667 0.046875
2 0.29244791666666664 0.48932291666666666 0.009375 0.0171875
2 0.23932291666666666 0.48984374999999997 0.028125 0.0390625
2 0.17213541666666665 0.47994791666666664 0.04010416666666666 0.03697916666666667
2 0.06263020833333333 0.46770833333333334 0.01484375 0.025
2 0.10442708333333334 0.4692708333333333 0.019791666666666666 0.027083333333333334
2 0.138671875 0.47265625 0.030989583333333334 0.0328125
0 0.34479166666666666 0.4739583333333333 0.05260416666666667 0.19791666666666666
0 0.218359375 0.4770833333333333 0.04609375 0.15208333333333332
0 0.9803385416666667 0.4515625 0.009635416666666667 0.08333333333333333
