0 0.3026041666666667 0.57275390625 0.034895833333333334 0.2001953125
0 0.366015625 0.53759765625 0.015364583333333333 0.0791015625
0 0.515234375 0.54150390625 0.02786458333333333 0.126953125
0 0.7994791666666666 0.6298828125 0.07916666666666666 0.357421875
0 0.768359375 0.5546875 0.02005208333333333 0.236328125
0 0.8861979166666667 0.5458984375 0.028125 0.1337890625
0 0.040364583333333336 0.51318359375 0.011979166666666666 0.0517578125
0 0.07135416666666666 0.512939453125 0.0125 0.05126953125
0 0.11536458333333333 0.54248046875 0.027604166666666666 0.123046875
0 0.146484375 0.516845703125 0.01328125 0.05712890625
