0 0.8690104166666667 0.539794921875 0.016666666666666666 0.08056640625
0 0.8157552083333334 0.5654296875 0.03723958333333333 0.1455078125
0 0.7819010416666666 0.53857421875 0.020572916666666666 0.119140625
16 0.6819010416666667 0.618896484375 0.05546875 0.05908203125
0 0.6190104166666667 0.5849609375 0.0359375 0.22265625
0 0.5809895833333333 0.574951171875 0.0265625 0.15771484375
0 0.5509114583333333 0.580810546875 0.024739583333333332 0.18408203125
0 0.5239583333333333 0.60205078125 0.027604166666666666 0.2275390625
0 0.49895833333333334 0.541748046875 0.01875 0.09814453125
0 0.44088541666666664 0.557373046875 0.014583333333333334 0.12353515625
0 0.4282552083333333 0.5517578125 0.016927083333333332 0.125
0 0.4432291666666667 0.5341796875 0.015104166666666667 0.03515625
0 0.41822916666666665 0.5751953125 0.013541666666666667 0.0732421875
0 0.353125 0.590087890625 0.03125 0.22216796875
0 0.33619791666666665 0.581298828125 0.0140625 0.16357421875
0 0.22122395833333333 0.6748046875 0.08255208333333333 0.3759765625
