2 0.46458333333333335 0.58740234375 0.24895833333333334 0.2373046875
0 0.5967447916666666 0.55029296875 0.02578125 0.15625
0 0.5779947916666667 0.508544921875 0.017447916666666667 0.06494140625
2 0.5684895833333333 0.490966796875 0.008854166666666666 0.01220703125
8 0.6196614583333333 0.549560546875 0.07109375 0.05224609375
8 0.704296875 0.500732421875 0.029947916666666668 0.03662109375
8 0.7298177083333334 0.502685546875 0.023177083333333334 0.01123046875
8 0.7415364583333334 0.499755859375 0.02265625 0.01220703125
7 0.157421875 0.496826171875 0.007552083333333333 0.01416015625
2 0.5890625 0.487548828125 0.005208333333333333 0.00732421875
