2 0.46510416666666665 0.58642578125 0.24947916666666667 0.236328125
0 0.5930989583333334 0.53662109375 0.02265625 0.12890625
0 0.55625 0.50244140625 0.018229166666666668 0.0537109375
8 0.608984375 0.547119140625 0.08151041666666667 0.05419921875
8 0.705078125 0.500244140625 0.029947916666666668 0.03662109375
8 0.730078125 0.503662109375 0.023177083333333334 0.01123046875
8 0.7420572916666667 0.500732421875 0.02265625 0.01220703125
8 0.6217447916666666 0.547607421875 0.06640625 0.05322265625
7 0.167578125 0.496826171875 0.010677083333333334 0.02001953125
0 0.5799479166666667 0.495849609375 0.0036458333333333334 0.01708984375
