2 0.28020833333333334 0.4833984375 0.027083333333333334 0.029296875
0 0.7315104166666666 0.509765625 0.041666666666666664 0.1025390625
0 0.7963541666666667 0.520751953125 0.078125 0.20654296875
0 0.850390625 0.565185546875 0.03046875 0.18017578125
0 0.8744791666666667 0.576904296875 0.05625 0.24853515625
8 0.06692708333333333 0.5771484375 0.13385416666666666 0.1044921875
8 0.27265625 0.522216796875 0.10572916666666667 0.04541015625
8 0.020963541666666665 0.530517578125 0.04192708333333333 0.03369140625
8 0.01614583333333333 0.509033203125 0.03229166666666666 0.01416015625
8 0.38255208333333335 0.5400390625 0.1140625 0.0546875
8 0.5510416666666667 0.56103515625 0.14739583333333334 0.0791015625
8 0.9747395833333333 0.53515625 0.05 0.0283203125
8 0.49895833333333334 0.751220703125 0.9973958333333334 0.49658203125
