0 0.5430989583333333 0.577880859375 0.04453125 0.23779296875
0 0.487109375 0.587890625 0.04869791666666667 0.2763671875
2 0.46197916666666666 0.579833984375 0.23333333333333334 0.22119140625
2 0.15546875 0.5 0.005208333333333333 0.0087890625
2 0.17291666666666666 0.5029296875 0.008333333333333333 0.009765625
2 0.31354166666666666 0.50341796875 0.04635416666666667 0.0419921875
8 0.608984375 0.547119140625 0.08151041666666667 0.05419921875
8 0.7022135416666666 0.500244140625 0.029947916666666668 0.03662109375
8 0.7290364583333333 0.504150390625 0.023177083333333334 0.01123046875
8 0.740234375 0.500732421875 0.02265625 0.01220703125
