1 0.449609375 0.87255859375 0.18776041666666665 0.1494140625
0 0.6360677083333334 0.680419921875 0.08255208333333333 0.34619140625
0 0.3815104166666667 0.712158203125 0.1375 0.32373046875
0 0.5200520833333333 0.540283203125 0.027604166666666666 0.11181640625
0 0.45989583333333334 0.5498046875 0.0265625 0.111328125
0 0.43515624999999997 0.520263671875 0.0140625 0.06689453125
0 0.412109375 0.50927734375 0.00546875 0.0185546875
0 0.4236979166666667 0.509521484375 0.0046875 0.01513671875
0 0.38671875 0.517822265625 0.009375 0.04833984375
0 0.378125 0.512451171875 0.008333333333333333 0.03857421875
0 0.37330729166666665 0.52978515625 0.016927083333333332 0.0634765625
0 0.0515625 0.510009765625 0.0046875 0.01708984375
0 0.1015625 0.524169921875 0.005729166666666666 0.02294921875
1 0.10260416666666666 0.53271484375 0.008333333333333333 0.015625
0 0.22994791666666667 0.571044921875 0.022916666666666665 0.12646484375
0 0.19947916666666665 0.55078125 0.018229166666666668 0.0888671875
1 0.197265625 0.594482421875 0.04296875 0.08154296875
1 0.219921875 0.6025390625 0.05807291666666667 0.0869140625
0 0.26197916666666665 0.509765625 0.0026041666666666665 0.0244140625
1 0.26002604166666665 0.521484375 0.014322916666666666 0.0166015625
0 0.268359375 0.523681640625 0.00546875 0.03369140625
1 0.26640625 0.534912109375 0.009895833333333333 0.02099609375
0 0.2791666666666667 0.5283203125 0.008854166666666666 0.046875
1 0.2786458333333333 0.5419921875 0.020833333333333332 0.0185546875
0 0.305859375 0.517333984375 0.011197916666666667 0.03466796875
0 0.298046875 0.52490234375 0.008072916666666666 0.0478515625
0 0.29765625 0.5478515625 0.01875 0.0673828125
1 0.29765625 0.58251953125 0.025520833333333333 0.048828125
0 0.32513020833333334 0.52587890625 0.015885416666666666 0.0634765625
1 0.3209635416666667 0.543212890625 0.012760416666666666 0.04345703125
1 0.31002604166666664 0.552001953125 0.016927083333333332 0.04736328125
0 0.3430989583333333 0.53564453125 0.01171875 0.03515625
1 0.3282552083333333 0.57421875 0.018489583333333334 0.0341796875
1 0.4356770833333333 0.535400390625 0.033854166666666664 0.03466796875
1 0.453125 0.565673828125 0.059375 0.07861328125
1 0.5131510416666667 0.570068359375 0.05703125 0.07763671875
0 0.57890625 0.52734375 0.011458333333333333 0.0283203125
1 0.5765625 0.530029296875 0.0234375 0.02392578125
0 0.7024739583333334 0.50390625 0.00546875 0.02734375
0 0.7088541666666667 0.49951171875 0.004166666666666667 0.015625
0 0.6412760416666666 0.496337890625 0.007552083333333333 0.02197265625
0 0.656640625 0.506591796875 0.00703125 0.03564453125
0 0.677734375 0.500732421875 0.005989583333333333 0.01513671875
1 0.6770833333333334 0.51220703125 0.0140625 0.0166015625
0 0.7604166666666666 0.52490234375 0.009895833333333333 0.060546875
0 0.7291666666666666 0.522216796875 0.008333333333333333 0.05615234375
1 0.7546875 0.5361328125 0.027604166666666666 0.0341796875
1 0.730859375 0.5361328125 0.024739583333333332 0.0244140625
0 0.7471354166666666 0.501708984375 0.0078125 0.01904296875
0 0.7419270833333333 0.50830078125 0.005729166666666666 0.0234375
0 0.7734375 0.514892578125 0.008333333333333333 0.04638671875
0 0.7798177083333333 0.506591796875 0.00703125 0.02294921875
0 0.7901041666666666 0.50830078125 0.008854166666666666 0.033203125
0 0.8018229166666666 0.50732421875 0.008854166666666666 0.033203125
0 0.8102864583333333 0.51513671875 0.00703125 0.0419921875
0 0.816796875 0.503173828125 0.005989583333333333 0.02197265625
0 0.84765625 0.511474609375 0.007291666666666667 0.03466796875
0 0.8557291666666667 0.50927734375 0.00625 0.03125
0 0.8365885416666666 0.51025390625 0.00859375 0.033203125
0 0.82578125 0.512451171875 0.0067708333333333336 0.03955078125
