0 0.5434895833333333 0.5791015625 0.044270833333333336 0.2333984375
0 0.4888020833333333 0.59033203125 0.051041666666666666 0.2744140625
2 0.46171875 0.580810546875 0.2328125 0.21728515625
8 0.608984375 0.547119140625 0.08151041666666667 0.05419921875
8 0.7022135416666666 0.500244140625 0.029947916666666668 0.03662109375
8 0.7290364583333333 0.504150390625 0.023177083333333334 0.01123046875
8 0.740234375 0.500732421875 0.02265625 0.01220703125
2 0.15299479166666666 0.49951171875 0.0049479166666666664 0.0078125
2 0.16705729166666666 0.502197265625 0.006510416666666667 0.00927734375
2 0.25755208333333335 0.508544921875 0.034895833333333334 0.02783203125
