1 0.3364583333333333 0.14697265625 0.6 0.220703125
0 0.43658854166666666 0.711669921875 0.47682291666666665 0.37060546875
0 0.4998697916666667 0.072509765625 0.9997395833333333 0.14501953125
1 0.17174479166666667 0.509033203125 0.03515625 0.03076171875
2 0.36419270833333334 0.48291015625 0.005989583333333333 0.005859375
2 0.37916666666666665 0.4814453125 0.008854166666666666 0.0078125
2 0.4348958333333333 0.48291015625 0.009895833333333333 0.01171875
2 0.484375 0.47802734375 0.0046875 0.0078125
2 0.4993489583333333 0.478515625 0.00546875 0.0068359375
2 0.5106770833333333 0.479248046875 0.0046875 0.00732421875
2 0.5759114583333333 0.484130859375 0.009114583333333334 0.00927734375
2 0.5819010416666667 0.48388671875 0.0049479166666666664 0.0078125
2 0.587890625 0.483154296875 0.009114583333333334 0.00830078125
0 0.7704427083333333 0.486328125 0.002864583333333333 0.01171875
