16 0.08151041666666667 0.744384765625 0.12604166666666666 0.13037109375
0 0.8080729166666667 0.581298828125 0.0453125 0.24169921875
0 0.757421875 0.522216796875 0.022135416666666668 0.11962890625
0 0.7153645833333333 0.6962890625 0.13958333333333334 0.4111328125
0 0.6858072916666667 0.615966796875 0.03828125 0.23974609375
0 0.6412760416666666 0.62109375 0.04765625 0.255859375
0 0.619140625 0.541748046875 0.022135416666666668 0.09619140625
0 0.5955729166666667 0.5634765625 0.020833333333333332 0.0419921875
0 0.43320312499999997 0.558349609375 0.015364583333333333 0.08251953125
0 0.42721354166666664 0.5908203125 0.03984375 0.1884765625
0 0.3321614583333333 0.55615234375 0.012760416666666666 0.1259765625
0 0.31731770833333334 0.559326171875 0.021614583333333333 0.16455078125
