2 0.567578125 0.490966796875 0.009114583333333334 0.00927734375
0 0.5428385416666667 0.57861328125 0.04401041666666666 0.2333984375
0 0.48671875 0.58935546875 0.05572916666666666 0.2724609375
2 0.4610677083333333 0.58056640625 0.23411458333333332 0.2197265625
8 0.608984375 0.547119140625 0.08151041666666667 0.05419921875
8 0.7022135416666666 0.500244140625 0.029947916666666668 0.03662109375
8 0.7290364583333333 0.504150390625 0.023177083333333334 0.01123046875
8 0.740234375 0.500732421875 0.02265625 0.01220703125
2 0.14986979166666667 0.499755859375 0.0049479166666666664 0.00537109375
2 0.16263020833333333 0.501953125 0.00546875 0.0068359375
2 0.22213541666666667 0.507080078125 0.021875 0.02294921875
