0 0.8696614583333333 0.541748046875 0.01640625 0.07958984375
0 0.8166666666666667 0.5654296875 0.034375 0.1474609375
0 0.7833333333333333 0.540283203125 0.020833333333333332 0.12744140625
16 0.7315104166666666 0.61181640625 0.04791666666666666 0.0615234375
0 0.6154947916666667 0.581298828125 0.03515625 0.21630859375
0 0.5796875 0.5732421875 0.028645833333333332 0.1640625
0 0.5516927083333333 0.5791015625 0.023697916666666666 0.18359375
0 0.5203125 0.59765625 0.04114583333333333 0.2255859375
0 0.4962239583333333 0.53955078125 0.018489583333333334 0.0966796875
0 0.4270833333333333 0.544921875 0.0171875 0.1181640625
0 0.44140625 0.560791015625 0.015625 0.12646484375
0 0.44231770833333334 0.532958984375 0.01328125 0.03759765625
0 0.4197916666666667 0.57763671875 0.011979166666666666 0.068359375
0 0.3536458333333333 0.588623046875 0.0296875 0.21435546875
0 0.334765625 0.583984375 0.01640625 0.1640625
0 0.21875 0.672119140625 0.08125 0.37646484375
