0 0.431640625 0.712646484375 0.4622395833333333 0.36669921875
1 0.17122395833333334 0.508056640625 0.03411458333333333 0.03173828125
2 0.3595052083333333 0.48486328125 0.00703125 0.0048828125
2 0.36041666666666666 0.48046875 0.0026041666666666665 0.0029296875
2 0.36484375 0.48095703125 0.004166666666666667 0.00390625
2 0.3790364583333333 0.4814453125 0.009114583333333334 0.0087890625
2 0.43515624999999997 0.48291015625 0.009895833333333333 0.01171875
2 0.4842447916666667 0.478515625 0.00546875 0.0068359375
2 0.49960937499999997 0.47900390625 0.00546875 0.0068359375
2 0.5109375 0.4794921875 0.0046875 0.0078125
2 0.5803385416666667 0.48388671875 0.00859375 0.0087890625
2 0.5881510416666667 0.484130859375 0.00859375 0.00830078125
0 0.7510416666666666 0.48681640625 0.003125 0.015625
0 0.9123697916666667 0.52099609375 0.018489583333333334 0.0751953125
1 0.9139322916666667 0.552001953125 0.02005208333333333 0.05615234375
