0 0.956640625 0.590087890625 0.03619791666666666 0.29150390625
0 0.928515625 0.569580078125 0.031510416666666666 0.22998046875
0 0.8725260416666667 0.572021484375 0.04140625 0.21728515625
0 0.7006510416666667 0.54736328125 0.031510416666666666 0.0986328125
2 0.3932291666666667 0.48046875 0.027083333333333334 0.0234375
2 0.28072916666666664 0.483154296875 0.027604166666666666 0.04248046875
8 0.06692708333333333 0.5771484375 0.13385416666666666 0.1044921875
8 0.27265625 0.522216796875 0.10572916666666667 0.04541015625
8 0.020963541666666665 0.530517578125 0.04192708333333333 0.03369140625
8 0.01614583333333333 0.509033203125 0.03229166666666666 0.01416015625
8 0.38255208333333335 0.5400390625 0.1140625 0.0546875
8 0.5510416666666667 0.56103515625 0.14739583333333334 0.0791015625
8 0.9747395833333333 0.53515625 0.05 0.0283203125
8 0.49895833333333334 0.751220703125 0.9973958333333334 0.49658203125
