2 0.46393229166666666 0.583740234375 0.24088541666666666 0.22705078125
0 0.5529947916666667 0.584716796875 0.046614583333333334 0.25634765625
0 0.4837239583333333 0.594970703125 0.055989583333333336 0.29443359375
8 0.6106770833333334 0.546630859375 0.08489583333333334 0.05322265625
8 0.7029947916666667 0.5 0.031510416666666666 0.0361328125
8 0.7290364583333333 0.504150390625 0.023177083333333334 0.01123046875
8 0.7407552083333333 0.501220703125 0.023697916666666666 0.01318359375
2 0.21041666666666667 0.504150390625 0.019791666666666666 0.02099609375
2 0.5875 0.488037109375 0.005208333333333333 0.00732421875
0 0.5794270833333334 0.494873046875 0.003125 0.01513671875
