0 0.86953125 0.54931640625 0.02395833333333333 0.0595703125
0 0.8223958333333333 0.56982421875 0.0265625 0.166015625
0 0.8076822916666666 0.535888671875 0.018489583333333334 0.11083984375
16 0.7205729166666667 0.56494140625 0.020833333333333332 0.0390625
0 0.6298177083333333 0.55859375 0.03359375 0.158203125
0 0.5569010416666667 0.587890625 0.022135416666666668 0.203125
0 0.517578125 0.59716796875 0.054427083333333334 0.22265625
0 0.49921875 0.546875 0.019791666666666666 0.1005859375
0 0.44036458333333334 0.56689453125 0.021875 0.130859375
0 0.42486979166666666 0.582275390625 0.01328125 0.07470703125
0 0.416796875 0.569580078125 0.029947916666666668 0.09716796875
0 0.353515625 0.586181640625 0.030989583333333334 0.21630859375
0 0.33515625 0.5791015625 0.015625 0.1591796875
0 0.20325520833333333 0.67529296875 0.09244791666666667 0.3896484375
0 0.5696614583333334 0.562255859375 0.012760416666666666 0.13720703125
0 0.624609375 0.568603515625 0.01796875 0.10595703125
