0 0.45143229166666665 0.467041015625 0.12630208333333334 0.47802734375
1 0.171484375 0.509521484375 0.03567708333333333 0.03271484375
2 0.3639322916666667 0.482666015625 0.007552083333333333 0.00537109375
2 0.37890625 0.4814453125 0.009375 0.0087890625
2 0.43502604166666664 0.482666015625 0.011197916666666667 0.01220703125
2 0.5759114583333333 0.48388671875 0.008072916666666666 0.009765625
2 0.58203125 0.4833984375 0.005208333333333333 0.0078125
2 0.5881510416666667 0.484375 0.00859375 0.0087890625
1 0.49518229166666666 0.53515625 0.04192708333333333 0.044921875
0 0.62421875 0.482177734375 0.0026041666666666665 0.00830078125
0 0.4962239583333333 0.47412109375 0.005989583333333333 0.0576171875
