2 0.4563802083333333 0.58447265625 0.22994791666666667 0.234375
0 0.5805989583333333 0.573974609375 0.04088541666666667 0.21728515625
0 0.523046875 0.5830078125 0.062239583333333334 0.2626953125
2 0.5450520833333333 0.490234375 0.01875 0.017578125
2 0.142578125 0.496826171875 0.00390625 0.00732421875
8 0.6114583333333333 0.54736328125 0.08645833333333333 0.0546875
8 0.703125 0.50048828125 0.03177083333333333 0.037109375
8 0.7290364583333333 0.504150390625 0.023177083333333334 0.01123046875
8 0.7408854166666666 0.501220703125 0.02395833333333333 0.01318359375
2 0.3555989583333333 0.505126953125 0.030989583333333334 0.03466796875
2 0.22825520833333332 0.507568359375 0.020572916666666666 0.01708984375
