16 0.48359375 0.57421875 0.0234375 0.041015625
0 0.8734375 0.54150390625 0.01614583333333333 0.080078125
0 0.8479166666666667 0.532470703125 0.019791666666666666 0.11474609375
0 0.8171875 0.55810546875 0.022916666666666665 0.1416015625
0 0.724609375 0.544677734375 0.03203125 0.15576171875
0 0.6243489583333334 0.636962890625 0.09192708333333333 0.33447265625
0 0.6026041666666666 0.54541015625 0.017708333333333333 0.103515625
0 0.58203125 0.57421875 0.02395833333333333 0.16015625
0 0.5515625 0.58251953125 0.027604166666666666 0.181640625
0 0.52109375 0.60546875 0.035416666666666666 0.2314453125
0 0.49765624999999997 0.5380859375 0.0203125 0.0888671875
0 0.4451822916666667 0.531982421875 0.010677083333333334 0.04150390625
0 0.44283854166666664 0.560791015625 0.019010416666666665 0.12255859375
0 0.4295572916666667 0.555419921875 0.013802083333333333 0.12255859375
0 0.4186197916666667 0.574951171875 0.01484375 0.07373046875
0 0.35390625 0.5869140625 0.034375 0.21875
0 0.336328125 0.578125 0.01796875 0.166015625
0 0.22057291666666667 0.66748046875 0.12135416666666667 0.3798828125
