16 0.5049479166666666 0.6328125 0.028125 0.0390625
0 0.43710937499999997 0.6494140625 0.01640625 0.0693359375
0 0.43919270833333335 0.591064453125 0.020572916666666666 0.06396484375
0 0.41875 0.626220703125 0.018229166666666668 0.07763671875
0 0.3911458333333333 0.58447265625 0.011458333333333333 0.083984375
0 0.37890625 0.588623046875 0.014583333333333334 0.10107421875
0 0.10195312499999999 0.92529296875 0.20390624999999998 0.1318359375
0 0.853125 0.801513671875 0.0796875 0.13427734375
0 0.5766927083333333 0.838623046875 0.08515625 0.13037109375
0 0.4907552083333333 0.88134765625 0.10130208333333333 0.08984375
0 0.379296875 0.8359375 0.13619791666666667 0.1318359375
0 0.289453125 0.79443359375 0.05807291666666667 0.14453125
0 0.2903645833333333 0.690673828125 0.043229166666666666 0.07568359375
0 0.21315104166666665 0.856689453125 0.09921875 0.12451171875
0 0.15260416666666665 0.800537109375 0.05677083333333333 0.13427734375
0 0.14622395833333332 0.701171875 0.03463541666666667 0.0947265625
0 0.030729166666666665 0.68115234375 0.0296875 0.099609375
0 0.07434895833333333 0.643798828125 0.028385416666666666 0.13037109375
0 0.5729166666666666 0.79052734375 0.05260416666666667 0.0791015625
0 0.9397135416666667 0.91845703125 0.12005208333333334 0.1298828125
