0 0.5934895833333333 0.5400390625 0.0234375 0.142578125
0 0.569140625 0.50830078125 0.018489583333333334 0.05078125
2 0.4653645833333333 0.58740234375 0.24947916666666667 0.23828125
8 0.621484375 0.549560546875 0.06796875 0.05029296875
8 0.7048177083333333 0.501220703125 0.029947916666666668 0.03662109375
8 0.73046875 0.503662109375 0.021875 0.01123046875
8 0.741796875 0.500244140625 0.02265625 0.01220703125
7 0.16223958333333333 0.496826171875 0.0078125 0.01611328125
2 0.5598958333333334 0.491943359375 0.00625 0.00927734375
2 0.5744791666666667 0.48974609375 0.0067708333333333336 0.01171875
0 0.5802083333333333 0.49609375 0.003125 0.0146484375
