0 0.4864583333333333 0.696875 0.10052083333333334 0.24583333333333332
0 0.23802083333333332 0.5127604166666666 0.0026041666666666665 0.0171875
0 0.40924479166666666 0.5015625 0.006510416666666667 0.035416666666666666
0 0.38580729166666666 0.5 0.008072916666666666 0.040625
0 0.373046875 0.50859375 0.006510416666666667 0.021354166666666667
0 0.37994791666666666 0.50625 0.007291666666666667 0.026041666666666668
0 0.38984375 0.5020833333333333 0.0046875 0.026041666666666668
0 0.17747395833333332 0.5111979166666667 0.00390625 0.024479166666666666
0 0.13515625 0.5276041666666667 0.021354166666666667 0.08854166666666667
0 0.1203125 0.5119791666666667 0.0078125 0.027083333333333334
0 0.11223958333333334 0.5098958333333333 0.0067708333333333336 0.030208333333333334
0 0.05260416666666667 0.4828125 0.004166666666666667 0.025
0 0.15338541666666666 0.5645833333333333 0.03854166666666667 0.14270833333333333
2 0.112890625 0.49895833333333334 0.032552083333333336 0.022916666666666665
2 0.10260416666666666 0.48932291666666666 0.0125 0.013020833333333334
0 0.9912760416666666 0.47890625 0.01015625 0.030729166666666665
