0 0.8692708333333333 0.5498046875 0.022916666666666665 0.052734375
0 0.8235677083333334 0.5712890625 0.02578125 0.1669921875
0 0.78828125 0.541748046875 0.020833333333333332 0.12939453125
0 0.6572916666666666 0.55517578125 0.024479166666666666 0.1650390625
0 0.625 0.556884765625 0.021875 0.13037109375
0 0.5725260416666667 0.56494140625 0.02005208333333333 0.1474609375
0 0.5553385416666666 0.584716796875 0.029427083333333333 0.20068359375
0 0.5255208333333333 0.597412109375 0.028125 0.22314453125
0 0.5177083333333333 0.520751953125 0.011979166666666666 0.05517578125
0 0.4967447916666667 0.547119140625 0.02005208333333333 0.10302734375
0 0.4381510416666667 0.562255859375 0.022135416666666668 0.12548828125
0 0.4140625 0.559814453125 0.025 0.08251953125
0 0.4446614583333333 0.533935546875 0.009635416666666667 0.03955078125
0 0.421875 0.57861328125 0.011979166666666666 0.0712890625
0 0.35442708333333334 0.586669921875 0.030208333333333334 0.22509765625
0 0.33489583333333334 0.580322265625 0.01614583333333333 0.16650390625
0 0.21015625 0.671630859375 0.09270833333333334 0.38525390625
