2 0.5859375 0.490478515625 0.0109375 0.02001953125
0 0.550390625 0.58447265625 0.04296875 0.2548828125
0 0.4828125 0.591064453125 0.053125 0.28857421875
2 0.4630208333333333 0.584716796875 0.240625 0.22705078125
2 0.3598958333333333 0.503662109375 0.033854166666666664 0.04052734375
8 0.6106770833333334 0.54736328125 0.08489583333333334 0.0546875
8 0.702734375 0.500732421875 0.030989583333333334 0.03759765625
8 0.7290364583333333 0.504150390625 0.023177083333333334 0.01123046875
8 0.7407552083333333 0.5009765625 0.023697916666666666 0.0126953125
0 0.5794270833333334 0.494384765625 0.0026041666666666665 0.01611328125
