0 0.5147135416666666 0.520263671875 0.02265625 0.08642578125
0 0.775 0.569091796875 0.040625 0.26123046875
0 0.8833333333333333 0.541748046875 0.034895833333333334 0.13916015625
0 0.908984375 0.51025390625 0.009635416666666667 0.0546875
0 0.9173177083333334 0.512451171875 0.012760416666666666 0.06103515625
0 0.9305989583333333 0.5146484375 0.01015625 0.056640625
0 0.036848958333333334 0.511962890625 0.012239583333333333 0.05029296875
0 0.20924479166666665 0.596923828125 0.06640625 0.22802734375
0 0.36888020833333335 0.5341796875 0.020572916666666666 0.07421875
0 0.26653645833333334 0.568115234375 0.03203125 0.14697265625
0 0.52734375 0.524658203125 0.008333333333333333 0.05908203125
0 0.022786458333333332 0.616455078125 0.045572916666666664 0.30712890625
0 0.9895833333333334 0.623046875 0.0203125 0.294921875
