0 0.9544270833333334 0.57861328125 0.0328125 0.30859375
0 0.9251302083333334 0.570068359375 0.03671875 0.22509765625
0 0.8654947916666667 0.568115234375 0.05026041666666667 0.22119140625
0 0.703515625 0.5419921875 0.02734375 0.0869140625
2 0.2805989583333333 0.482421875 0.031510416666666666 0.03515625
8 0.06692708333333333 0.5771484375 0.13385416666666666 0.1044921875
8 0.27265625 0.522216796875 0.10572916666666667 0.04541015625
8 0.020963541666666665 0.530517578125 0.04192708333333333 0.03369140625
8 0.01614583333333333 0.509033203125 0.03229166666666666 0.01416015625
8 0.38255208333333335 0.5400390625 0.1140625 0.0546875
8 0.5510416666666667 0.56103515625 0.14739583333333334 0.0791015625
8 0.9747395833333333 0.53515625 0.05 0.0283203125
8 0.49895833333333334 0.751220703125 0.9973958333333334 0.49658203125
