0 0.39296875 0.530517578125 0.0125 0.06884765625
0 0.41367187499999997 0.565673828125 0.03046875 0.15185546875
0 0.5002604166666667 0.57421875 0.04895833333333333 0.2197265625
0 0.8557291666666667 0.608642578125 0.06822916666666666 0.34716796875
0 0.013932291666666666 0.5166015625 0.01015625 0.0625
0 0.020963541666666665 0.51171875 0.01015625 0.0625
0 0.08424479166666667 0.516357421875 0.009114583333333334 0.05126953125
0 0.09765625 0.516845703125 0.011979166666666666 0.04150390625
0 0.26145833333333335 0.552001953125 0.015625 0.11962890625
0 0.28151041666666665 0.547119140625 0.022395833333333334 0.10986328125
