0 0.543359375 0.57861328125 0.045572916666666664 0.236328125
0 0.4828125 0.58984375 0.05572916666666666 0.2724609375
2 0.462109375 0.579833984375 0.23515624999999998 0.21923828125
2 0.15703125 0.499755859375 0.00625 0.00830078125
2 0.176171875 0.502685546875 0.00859375 0.00927734375
8 0.608984375 0.547119140625 0.08151041666666667 0.05419921875
8 0.7022135416666666 0.500244140625 0.029947916666666668 0.03662109375
8 0.7290364583333333 0.504150390625 0.023177083333333334 0.01123046875
8 0.740234375 0.500732421875 0.02265625 0.01220703125
2 0.3458333333333333 0.5029296875 0.04479166666666667 0.0390625
2 0.14817708333333332 0.5 0.0036458333333333334 0.0048828125
2 0.5809895833333333 0.489501953125 0.0067708333333333336 0.00634765625
