0 0.9779947916666667 0.51171875 0.00703125 0.0458984375
0 0.3703125 0.53466796875 0.019791666666666666 0.0830078125
0 0.5123697916666666 0.521240234375 0.017447916666666667 0.08251953125
0 0.5290364583333333 0.52392578125 0.011197916666666667 0.0703125
0 0.7755208333333333 0.567626953125 0.04895833333333333 0.26220703125
0 0.8466145833333333 0.540771484375 0.024479166666666666 0.13916015625
0 0.8805989583333333 0.485595703125 0.005989583333333333 0.02685546875
0 0.8860677083333334 0.4951171875 0.005989583333333333 0.046875
0 0.8917968749999999 0.500732421875 0.005989583333333333 0.04443359375
0 0.07890625 0.589599609375 0.0390625 0.27392578125
0 0.16484375 0.661376953125 0.10833333333333334 0.32666015625
