0 0.5446614583333333 0.579345703125 0.04453125 0.23876953125
0 0.47760416666666666 0.591796875 0.0609375 0.2734375
2 0.46184895833333334 0.58154296875 0.23671875 0.2216796875
8 0.6109375 0.547119140625 0.08541666666666667 0.05419921875
8 0.7026041666666667 0.50048828125 0.030729166666666665 0.037109375
8 0.7290364583333333 0.504150390625 0.023177083333333334 0.01123046875
8 0.740625 0.501220703125 0.0234375 0.01318359375
2 0.153515625 0.50048828125 0.0049479166666666664 0.0078125
2 0.16692708333333334 0.5009765625 0.008333333333333333 0.0107421875
2 0.20638020833333334 0.50634765625 0.017447916666666667 0.017578125
2 0.5890625 0.48828125 0.004166666666666667 0.0068359375
