0 0.41158854166666664 0.455810546875 0.38619791666666664 0.67529296875
2 0.578125 0.484375 0.0125 0.0107421875
2 0.5881510416666667 0.483154296875 0.008072916666666666 0.00830078125
0 0.5220052083333333 0.484130859375 0.023697916666666666 0.09912109375
1 0.5208333333333334 0.5205078125 0.027083333333333334 0.0537109375
2 0.4845052083333333 0.478759765625 0.004427083333333333 0.00732421875
2 0.4993489583333333 0.479736328125 0.0049479166666666664 0.00732421875
2 0.5102864583333333 0.479248046875 0.0049479166666666664 0.00830078125
0 0.6259114583333333 0.481201171875 0.00234375 0.00830078125
1 0.17083333333333334 0.50830078125 0.034375 0.033203125
