0 0.8720052083333333 0.54150390625 0.015885416666666666 0.0859375
0 0.8458333333333333 0.534912109375 0.027604166666666666 0.10302734375
0 0.816015625 0.56201171875 0.023697916666666666 0.150390625
0 0.7813802083333333 0.5458984375 0.026822916666666665 0.140625
0 0.6276041666666666 0.637939453125 0.09947916666666666 0.33740234375
0 0.580859375 0.56982421875 0.02109375 0.1552734375
0 0.551171875 0.58154296875 0.031510416666666666 0.1865234375
0 0.5239583333333333 0.602783203125 0.0359375 0.23291015625
0 0.49830729166666665 0.54052734375 0.017447916666666667 0.0859375
0 0.42916666666666664 0.55224609375 0.014583333333333334 0.115234375
0 0.44088541666666664 0.56005859375 0.016666666666666666 0.1181640625
0 0.44479166666666664 0.530517578125 0.0125 0.03173828125
0 0.4180989583333333 0.57666015625 0.01484375 0.0712890625
0 0.3536458333333333 0.5888671875 0.033854166666666664 0.21875
0 0.334765625 0.58203125 0.018489583333333334 0.1708984375
0 0.20729166666666665 0.677001953125 0.09479166666666666 0.38330078125
