0 0.837890625 0.569091796875 0.048177083333333336 0.14892578125
0 0.873828125 0.533935546875 0.01953125 0.10986328125
0 0.8450520833333334 0.49755859375 0.016666666666666666 0.0380859375
0 0.6928385416666667 0.547119140625 0.026302083333333334 0.10498046875
2 0.42473958333333334 0.4853515625 0.03697916666666667 0.0361328125
2 0.2798177083333333 0.48388671875 0.023697916666666666 0.0390625
8 0.06692708333333333 0.5771484375 0.13385416666666666 0.1044921875
8 0.27265625 0.522216796875 0.10572916666666667 0.04541015625
8 0.020963541666666665 0.530517578125 0.04192708333333333 0.03369140625
8 0.01614583333333333 0.509033203125 0.03229166666666666 0.01416015625
8 0.38255208333333335 0.5400390625 0.1140625 0.0546875
8 0.5510416666666667 0.56103515625 0.14739583333333334 0.0791015625
8 0.9747395833333333 0.53515625 0.05 0.0283203125
8 0.49895833333333334 0.751220703125 0.9973958333333334 0.49658203125
