2 0.45703125 0.5849609375 0.23020833333333332 0.23046875
0 0.5783854166666667 0.574951171875 0.033854166666666664 0.22216796875
0 0.5079427083333333 0.587158203125 0.054427083333333334 0.27880859375
2 0.5375 0.4912109375 0.020833333333333332 0.017578125
2 0.14166666666666666 0.49658203125 0.004166666666666667 0.0078125
8 0.6115885416666667 0.54736328125 0.08671875 0.0546875
8 0.703125 0.501220703125 0.03177083333333333 0.03857421875
8 0.7290364583333333 0.504150390625 0.023177083333333334 0.01123046875
8 0.7408854166666666 0.5009765625 0.02395833333333333 0.0126953125
2 0.33177083333333335 0.50537109375 0.051041666666666666 0.0341796875
2 0.24596354166666667 0.507568359375 0.025260416666666667 0.01904296875
