2 0.27903645833333335 0.484130859375 0.026822916666666665 0.02685546875
2 0.45677083333333335 0.486328125 0.0453125 0.03125
0 0.697265625 0.5498046875 0.03619791666666666 0.1083984375
0 0.876953125 0.533935546875 0.01953125 0.11474609375
0 0.8446614583333333 0.503662109375 0.01796875 0.05224609375
0 0.8376302083333333 0.58203125 0.045572916666666664 0.15625
8 0.06692708333333333 0.5771484375 0.13385416666666666 0.1044921875
8 0.27265625 0.522216796875 0.10572916666666667 0.04541015625
8 0.020963541666666665 0.530517578125 0.04192708333333333 0.03369140625
8 0.01614583333333333 0.509033203125 0.03229166666666666 0.01416015625
8 0.38255208333333335 0.5400390625 0.1140625 0.0546875
8 0.5510416666666667 0.56103515625 0.14739583333333334 0.0791015625
8 0.9747395833333333 0.53515625 0.05 0.0283203125
8 0.49895833333333334 0.751220703125 0.9973958333333334 0.49658203125
