2 0.5606770833333333 0.49072265625 0.011458333333333333 0.0126953125
0 0.54765625 0.579833984375 0.043229166666666666 0.24169921875
0 0.488671875 0.592041015625 0.04609375 0.27978515625
2 0.46197916666666666 0.583740234375 0.23802083333333332 0.22412109375
2 0.3533854166666667 0.506103515625 0.034895833333333334 0.03076171875
8 0.609765625 0.547607421875 0.08307291666666666 0.05517578125
8 0.7022135416666666 0.500244140625 0.029947916666666668 0.03662109375
8 0.7290364583333333 0.504150390625 0.023177083333333334 0.01123046875
8 0.740234375 0.500732421875 0.02265625 0.01220703125
2 0.20234375 0.50341796875 0.009375 0.021484375
2 0.16471354166666666 0.50048828125 0.007552083333333333 0.01171875
