2 0.0625 0.46848958333333335 0.014583333333333334 0.024479166666666666
2 0.10416666666666667 0.46848958333333335 0.019791666666666666 0.027604166666666666
2 0.138671875 0.47291666666666665 0.03046875 0.03229166666666666
2 0.17213541666666665 0.4796875 0.04010416666666666 0.0375
0 0.17161458333333332 0.47890625 0.0109375 0.04739583333333333
2 0.23502604166666666 0.4908854166666667 0.037760416666666664 0.043229166666666666
2 0.29270833333333335 0.48984374999999997 0.009375 0.01614583333333333
2 0.30963541666666666 0.4966145833333333 0.028125 0.04635416666666667
2 0.38111979166666665 0.5010416666666666 0.07890625 0.078125
2 0.48046875 0.4901041666666667 0.057812499999999996 0.040625
2 0.504296875 0.4869791666666667 0.03567708333333333 0.03333333333333333
0 0.53984375 0.47890625 0.016666666666666666 0.0703125
0 0.56171875 0.4791666666666667 0.015104166666666667 0.06979166666666667
0 0.6149739583333333 0.47682291666666665 0.00859375 0.0484375
0 0.6346354166666667 0.46770833333333334 0.0067708333333333336 0.025
16 0.6204427083333334 0.48932291666666666 0.01015625 0.024479166666666666
2 0.741796875 0.48020833333333335 0.012239583333333333 0.011458333333333333
0 0.822265625 0.4627604166666667 0.07838541666666667 0.1265625
