1 0.382421875 0.18798828125 0.43255208333333334 0.2275390625
0 0.5563802083333333 0.106689453125 0.5356770833333333 0.20849609375
0 0.44088541666666664 0.713134765625 0.47760416666666666 0.36767578125
2 0.58828125 0.482666015625 0.008854166666666666 0.00830078125
2 0.5817708333333333 0.484130859375 0.005208333333333333 0.00732421875
2 0.5760416666666667 0.484619140625 0.008854166666666666 0.01025390625
2 0.5102864583333333 0.479248046875 0.005989583333333333 0.00732421875
2 0.49921875 0.478515625 0.005208333333333333 0.0068359375
2 0.4842447916666667 0.47802734375 0.004427083333333333 0.0078125
2 0.4348958333333333 0.482421875 0.010416666666666666 0.01171875
2 0.37864583333333335 0.480712890625 0.009375 0.00830078125
2 0.36432291666666666 0.482666015625 0.0067708333333333336 0.00634765625
1 0.17122395833333334 0.5087890625 0.03619791666666666 0.03125
