0 0.5421875 0.5810546875 0.046875 0.23828125
0 0.478515625 0.58935546875 0.05755208333333333 0.2861328125
2 0.46315104166666665 0.583984375 0.23880208333333333 0.2255859375
8 0.6102864583333333 0.546630859375 0.08411458333333333 0.05322265625
8 0.7028645833333333 0.5 0.03125 0.0361328125
8 0.7290364583333333 0.504150390625 0.023177083333333334 0.01123046875
8 0.740625 0.500244140625 0.0234375 0.01123046875
2 0.24908854166666666 0.50537109375 0.03671875 0.03125
2 0.17578125 0.501708984375 0.008854166666666666 0.01220703125
0 0.580078125 0.49560546875 0.0033854166666666668 0.0146484375
