0 0.9553385416666667 0.587890625 0.03463541666666667 0.2822265625
0 0.9110677083333333 0.56396484375 0.04765625 0.2265625
0 0.8692708333333333 0.5732421875 0.0375 0.2333984375
0 0.7037760416666666 0.538330078125 0.02578125 0.08837890625
2 0.280078125 0.48193359375 0.026822916666666665 0.0322265625
8 0.06692708333333333 0.5771484375 0.13385416666666666 0.1044921875
8 0.27265625 0.522216796875 0.10572916666666667 0.04541015625
8 0.020963541666666665 0.530517578125 0.04192708333333333 0.03369140625
8 0.01614583333333333 0.509033203125 0.03229166666666666 0.01416015625
8 0.38255208333333335 0.5400390625 0.1140625 0.0546875
8 0.5510416666666667 0.56103515625 0.14739583333333334 0.0791015625
8 0.9747395833333333 0.53515625 0.05 0.0283203125
8 0.49895833333333334 0.751220703125 0.9973958333333334 0.49658203125
