0 0.8761718749999999 0.306884765625 0.08515625 0.18505859375
1 0.9161458333333333 0.36865234375 0.1671875 0.3359375
0 0.446484375 0.71240234375 0.4591145833333333 0.3623046875
2 0.5803385416666667 0.484130859375 0.00859375 0.00830078125
2 0.5884114583333333 0.48388671875 0.008072916666666666 0.0068359375
2 0.4842447916666667 0.478759765625 0.00546875 0.00732421875
2 0.49960937499999997 0.47900390625 0.005989583333333333 0.0068359375
2 0.5108072916666666 0.479248046875 0.004427083333333333 0.00732421875
2 0.43502604166666664 0.48291015625 0.01015625 0.01171875
2 0.3790364583333333 0.4814453125 0.00859375 0.0078125
2 0.36432291666666666 0.483154296875 0.007291666666666667 0.00634765625
1 0.17161458333333332 0.507568359375 0.0359375 0.03466796875
