1 0.8977864583333334 0.342041015625 0.13359375 0.50439453125
0 0.9055989583333334 0.34814453125 0.10234375 0.232421875
0 0.43255208333333334 0.713134765625 0.46458333333333335 0.36572265625
2 0.5760416666666667 0.484375 0.009375 0.009765625
2 0.58203125 0.484130859375 0.005729166666666666 0.00732421875
2 0.58828125 0.4833984375 0.0078125 0.0078125
2 0.484375 0.478271484375 0.005208333333333333 0.00732421875
2 0.49921875 0.47900390625 0.005208333333333333 0.0068359375
2 0.5108072916666666 0.479248046875 0.0049479166666666664 0.00732421875
2 0.43528645833333335 0.483154296875 0.01015625 0.01220703125
2 0.37916666666666665 0.4814453125 0.008854166666666666 0.0068359375
2 0.3595052083333333 0.484619140625 0.00703125 0.00537109375
2 0.36497395833333335 0.48046875 0.0049479166666666664 0.00390625
1 0.17122395833333334 0.508544921875 0.03619791666666666 0.03271484375
0 0.7649739583333334 0.4853515625 0.002864583333333333 0.0107421875
