0 0.8686197916666667 0.566650390625 0.04869791666666667 0.21142578125
0 0.8416666666666667 0.5478515625 0.0234375 0.14453125
0 0.7759114583333333 0.520751953125 0.08567708333333333 0.18603515625
0 0.7270833333333333 0.505615234375 0.028125 0.10302734375
2 0.28072916666666664 0.482666015625 0.0265625 0.02978515625
8 0.06692708333333333 0.5771484375 0.13385416666666666 0.1044921875
8 0.27265625 0.522216796875 0.10572916666666667 0.04541015625
8 0.020963541666666665 0.530517578125 0.04192708333333333 0.03369140625
8 0.01614583333333333 0.509033203125 0.03229166666666666 0.01416015625
8 0.38255208333333335 0.5400390625 0.1140625 0.0546875
8 0.5510416666666667 0.56103515625 0.14739583333333334 0.0791015625
8 0.9747395833333333 0.53515625 0.05 0.0283203125
8 0.49895833333333334 0.751220703125 0.9973958333333334 0.49658203125
