0 0.5444010416666667 0.57861328125 0.04296875 0.2412109375
0 0.4790364583333333 0.591796875 0.062239583333333334 0.2734375
2 0.46171875 0.580322265625 0.2359375 0.22119140625
8 0.6108072916666667 0.546875 0.08515625 0.0537109375
8 0.7022135416666666 0.500244140625 0.029947916666666668 0.03662109375
8 0.7290364583333333 0.504150390625 0.023177083333333334 0.01123046875
8 0.740234375 0.500732421875 0.02265625 0.01220703125
2 0.15 0.5 0.0036458333333333334 0.0068359375
2 0.16067708333333333 0.500244140625 0.0067708333333333336 0.00927734375
2 0.184765625 0.504150390625 0.010677083333333334 0.01318359375
