2 0.580859375 0.48876953125 0.00703125 0.0068359375
2 0.5123697916666666 0.493408203125 0.017447916666666667 0.01416015625
0 0.5420572916666666 0.58251953125 0.04453125 0.2421875
0 0.47799479166666664 0.585205078125 0.06015625 0.26904296875
2 0.4615885416666667 0.57763671875 0.22942708333333334 0.2158203125
8 0.608984375 0.547119140625 0.08151041666666667 0.05419921875
8 0.7022135416666666 0.500244140625 0.029947916666666668 0.03662109375
8 0.7290364583333333 0.504150390625 0.023177083333333334 0.01123046875
8 0.740234375 0.500732421875 0.02265625 0.01220703125
2 0.17018229166666665 0.50244140625 0.008072916666666666 0.01171875
