2 0.568359375 0.490234375 0.009114583333333334 0.0107421875
2 0.5522135416666667 0.49169921875 0.009635416666666667 0.009765625
0 0.5462239583333334 0.581787109375 0.04348958333333333 0.23681640625
0 0.4830729166666667 0.59228515625 0.051041666666666666 0.287109375
2 0.4622395833333333 0.581787109375 0.240625 0.22314453125
8 0.6104166666666666 0.546630859375 0.084375 0.05322265625
8 0.7022135416666666 0.500244140625 0.029947916666666668 0.03662109375
8 0.7290364583333333 0.504150390625 0.023177083333333334 0.01123046875
8 0.740234375 0.500732421875 0.02265625 0.01220703125
2 0.16979166666666667 0.501220703125 0.007291666666666667 0.00927734375
2 0.2171875 0.503662109375 0.025 0.02587890625
0 0.5805989583333333 0.495361328125 0.0033854166666666668 0.01611328125
