0 0.5451822916666667 0.578857421875 0.045572916666666664 0.23974609375
0 0.4778645833333333 0.59130859375 0.057291666666666664 0.2763671875
2 0.46236979166666664 0.58154296875 0.23567708333333334 0.22265625
8 0.608984375 0.547119140625 0.08151041666666667 0.05419921875
8 0.7022135416666666 0.500244140625 0.029947916666666668 0.03662109375
8 0.7290364583333333 0.504150390625 0.023177083333333334 0.01123046875
8 0.740234375 0.500732421875 0.02265625 0.01220703125
2 0.15455729166666665 0.50048828125 0.0049479166666666664 0.0078125
2 0.16966145833333332 0.5009765625 0.00859375 0.0126953125
2 0.21705729166666665 0.507568359375 0.021614583333333333 0.02099609375
2 0.5092447916666667 0.491943359375 0.023177083333333334 0.01416015625
