0 0.7756510416666667 0.62451171875 0.10911458333333333 0.4208984375
0 0.8934895833333333 0.495849609375 0.008333333333333333 0.02587890625
0 0.014192708333333333 0.517822265625 0.00859375 0.06005859375
0 0.08190104166666666 0.513916015625 0.01015625 0.05322265625
0 0.12330729166666667 0.589599609375 0.04244791666666667 0.24560546875
0 0.36822916666666666 0.512939453125 0.0046875 0.02783203125
0 0.43072916666666666 0.53466796875 0.0203125 0.1044921875
0 0.4134114583333333 0.55078125 0.02578125 0.142578125
0 0.34479166666666666 0.547119140625 0.019791666666666666 0.13232421875
0 0.267578125 0.542724609375 0.020572916666666666 0.11279296875
