0 0.8794270833333333 0.5428240740740741 0.003125 0.008796296296296297
0 0.8963541666666667 0.5643518518518519 0.003125 0.020370370370370372
0 0.858984375 0.5824074074074075 0.0049479166666666664 0.030555555555555558
0 0.9734375 0.5810185185185185 0.0046875 0.010185185185185186
0 0.9782552083333333 0.5814814814814815 0.00390625 0.009259259259259259
0 0.7977864583333333 0.5983796296296297 0.005989583333333333 0.013425925925925926
0 0.7850260416666667 0.5597222222222222 0.00546875 0.020370370370370372
0 0.796484375 0.5560185185185186 0.002864583333333333 0.025
0 0.4649739583333333 0.5043981481481482 0.010677083333333334 0.06805555555555556
0 0.4440104166666667 0.5041666666666667 0.0109375 0.06018518518518519
0 0.20325520833333333 0.5509259259259259 0.023697916666666666 0.06296296296296297
0 0.21901041666666665 0.5208333333333334 0.0036458333333333334 0.021296296296296296
0 0.22278645833333333 0.5210648148148148 0.002864583333333333 0.02175925925925926
0 0.48580729166666664 0.6928240740740741 0.21067708333333332 0.6134259259259259
0 0.2735677083333333 0.5997685185185185 0.11432291666666666 0.24861111111111112
