0 0.5438802083333333 0.578369140625 0.04192708333333333 0.23388671875
0 0.47421874999999997 0.586669921875 0.06666666666666667 0.26708984375
2 0.462109375 0.57958984375 0.23255208333333333 0.2138671875
8 0.608984375 0.547119140625 0.08151041666666667 0.05419921875
8 0.7022135416666666 0.500244140625 0.029947916666666668 0.03662109375
8 0.7290364583333333 0.504150390625 0.023177083333333334 0.01123046875
8 0.740234375 0.500732421875 0.02265625 0.01220703125
2 0.17721354166666667 0.50244140625 0.00859375 0.0126953125
2 0.5842447916666667 0.489501953125 0.00546875 0.00634765625
2 0.15221354166666667 0.5 0.00390625 0.0048828125
