0 0.421875 0.44677734375 0.4046875 0.6865234375
0 0.5295572916666667 0.4833984375 0.023177083333333334 0.0869140625
1 0.5282552083333333 0.51416015625 0.02786458333333333 0.0595703125
2 0.576171875 0.484375 0.00859375 0.009765625
2 0.58203125 0.484375 0.005729166666666666 0.0078125
2 0.5881510416666667 0.48388671875 0.00859375 0.0078125
2 0.5108072916666666 0.479248046875 0.0049479166666666664 0.00732421875
2 0.49947916666666664 0.47900390625 0.005729166666666666 0.0068359375
2 0.4845052083333333 0.47802734375 0.0049479166666666664 0.0068359375
2 0.43502604166666664 0.48291015625 0.01015625 0.01171875
1 0.170703125 0.509033203125 0.03515625 0.03271484375
