7 0.5595052083333333 0.4873046875 0.01640625 0.0185546875
0 0.583203125 0.55419921875 0.029947916666666668 0.1640625
0 0.48789062499999997 0.586181640625 0.08723958333333333 0.25927734375
2 0.4602864583333333 0.578125 0.22369791666666666 0.2041015625
2 0.16119791666666666 0.502685546875 0.005729166666666666 0.00732421875
2 0.23919270833333334 0.510498046875 0.029947916666666668 0.02294921875
8 0.6092447916666667 0.547119140625 0.07630208333333333 0.05517578125
8 0.701953125 0.4990234375 0.03046875 0.0361328125
8 0.7287760416666667 0.503173828125 0.02265625 0.01123046875
8 0.7404947916666667 0.49853515625 0.02265625 0.01171875
