0 0.4317708333333333 0.71484375 0.46249999999999997 0.3662109375
0 0.9036458333333334 0.41015625 0.0796875 0.3076171875
1 0.9053385416666666 0.440185546875 0.08932291666666667 0.41259765625
1 0.170703125 0.50927734375 0.03567708333333333 0.0302734375
0 0.28932291666666665 0.482177734375 0.004166666666666667 0.02099609375
2 0.3595052083333333 0.48486328125 0.00703125 0.005859375
2 0.3606770833333333 0.480712890625 0.0026041666666666665 0.00439453125
2 0.36484375 0.48095703125 0.004166666666666667 0.00390625
2 0.37890625 0.4814453125 0.009375 0.0078125
2 0.4348958333333333 0.48291015625 0.010416666666666666 0.01171875
2 0.4842447916666667 0.478515625 0.0049479166666666664 0.0068359375
2 0.49947916666666664 0.4794921875 0.005729166666666666 0.0068359375
2 0.510546875 0.4794921875 0.0049479166666666664 0.0068359375
2 0.5760416666666667 0.484619140625 0.008333333333333333 0.00927734375
2 0.58203125 0.484130859375 0.005208333333333333 0.00732421875
2 0.5885416666666666 0.483642578125 0.0078125 0.00732421875
0 0.7639322916666667 0.486328125 0.002864583333333333 0.0107421875
