0 0.9596354166666666 0.590576171875 0.033854166666666664 0.28369140625
0 0.91796875 0.5634765625 0.042708333333333334 0.23046875
0 0.8692708333333333 0.575439453125 0.0453125 0.23583984375
0 0.7032552083333333 0.539306640625 0.020572916666666666 0.08740234375
2 0.27955729166666665 0.4833984375 0.028906249999999998 0.0380859375
8 0.06692708333333333 0.5771484375 0.13385416666666666 0.1044921875
8 0.27265625 0.522216796875 0.10572916666666667 0.04541015625
8 0.020963541666666665 0.530517578125 0.04192708333333333 0.03369140625
8 0.01614583333333333 0.509033203125 0.03229166666666666 0.01416015625
8 0.38255208333333335 0.5400390625 0.1140625 0.0546875
8 0.5510416666666667 0.56103515625 0.14739583333333334 0.0791015625
8 0.9747395833333333 0.53515625 0.05 0.0283203125
8 0.49895833333333334 0.751220703125 0.9973958333333334 0.49658203125
