16 0.976953125 0.647216796875 0.04244791666666667 0.10888671875
0 0.7364583333333333 0.7001953125 0.14947916666666666 0.404296875
0 0.7033854166666667 0.507568359375 0.015104166666666667 0.04541015625
0 0.757421875 0.50341796875 0.026302083333333334 0.0810546875
0 0.8076822916666666 0.58251953125 0.04505208333333333 0.236328125
0 0.6875 0.607177734375 0.04791666666666666 0.24072265625
0 0.6407552083333333 0.61572265625 0.04921875 0.259765625
0 0.619921875 0.545166015625 0.02265625 0.10498046875
0 0.5936197916666667 0.566162109375 0.02578125 0.04833984375
0 0.4256510416666667 0.593505859375 0.028385416666666666 0.19482421875
0 0.434375 0.540283203125 0.011458333333333333 0.03271484375
0 0.33177083333333335 0.556396484375 0.013541666666666667 0.13232421875
0 0.31614583333333335 0.556396484375 0.021354166666666667 0.16357421875
0 0.7139322916666666 0.51708984375 0.02005208333333333 0.0498046875
0 0.6305989583333333 0.552734375 0.01484375 0.1103515625
0 0.4282552083333333 0.5576171875 0.03567708333333333 0.0458984375
