2 0.2796875 0.484619140625 0.027604166666666666 0.02978515625
0 0.7026041666666667 0.53857421875 0.0234375 0.0771484375
0 0.8721354166666666 0.576171875 0.052083333333333336 0.2333984375
0 0.9279947916666667 0.566650390625 0.03671875 0.22607421875
0 0.9588541666666667 0.59033203125 0.0328125 0.28515625
8 0.06692708333333333 0.5771484375 0.13385416666666666 0.1044921875
8 0.27265625 0.522216796875 0.10572916666666667 0.04541015625
8 0.020963541666666665 0.530517578125 0.04192708333333333 0.03369140625
8 0.01614583333333333 0.509033203125 0.03229166666666666 0.01416015625
8 0.38255208333333335 0.5400390625 0.1140625 0.0546875
8 0.5510416666666667 0.56103515625 0.14739583333333334 0.0791015625
8 0.9747395833333333 0.53515625 0.05 0.0283203125
8 0.49895833333333334 0.751220703125 0.9973958333333334 0.49658203125
