0 0.9962239583333333 0.5166666666666666 0.00703125 0.06979166666666667
0 0.9884114583333333 0.5080729166666667 0.008072916666666666 0.049479166666666664
0 0.9100260416666667 0.49609375 0.004427083333333333 0.019270833333333334
0 0.8575520833333333 0.51875 0.007291666666666667 0.057291666666666664
0 0.8634114583333333 0.5505208333333333 0.026822916666666665 0.109375
0 0.902734375 0.5760416666666667 0.03619791666666666 0.21458333333333332
0 0.9736979166666666 0.5833333333333334 0.04583333333333333 0.23020833333333332
0 0.7877604166666666 0.5674479166666666 0.0359375 0.13802083333333334
0 0.76796875 0.5359375 0.011979166666666666 0.09375
0 0.7458333333333333 0.4986979166666667 0.003125 0.0078125
0 0.7421875 0.5135416666666667 0.005729166666666666 0.036458333333333336
0 0.7546875 0.53359375 0.017708333333333333 0.10364583333333333
0 0.7290364583333333 0.5114583333333333 0.00390625 0.017708333333333333
0 0.7045572916666667 0.5294270833333333 0.01484375 0.0609375
0 0.6430989583333333 0.5177083333333333 0.00859375 0.04479166666666667
0 0.6703125 0.5020833333333333 0.008333333333333333 0.013541666666666667
0 0.5997395833333333 0.5294270833333333 0.016666666666666666 0.0828125
0 0.5694010416666666 0.5125 0.00390625 0.030208333333333334
0 0.5634114583333333 0.5130208333333334 0.004427083333333333 0.03229166666666666
0 0.533984375 0.51796875 0.009635416666666667 0.0515625
0 0.49635416666666665 0.5208333333333334 0.009895833333333333 0.052083333333333336
0 0.5270833333333333 0.51015625 0.0046875 0.03177083333333333
0 0.5220052083333333 0.5140625 0.00546875 0.036458333333333336
0 0.5171875 0.5140625 0.0067708333333333336 0.03958333333333333
0 0.4869791666666667 0.5041666666666667 0.0046875 0.017708333333333333
0 0.5111979166666667 0.5098958333333333 0.0046875 0.030208333333333334
0 0.43320312499999997 0.5010416666666666 0.0049479166666666664 0.016666666666666666
0 0.43385416666666665 0.5138020833333333 0.00625 0.0140625
0 0.4046875 0.4984375 0.003125 0.007291666666666667
0 0.42942708333333335 0.5065104166666666 0.004166666666666667 0.024479166666666666
0 0.42526041666666664 0.5255208333333333 0.009375 0.04375
0 0.3977864583333333 0.5247395833333334 0.01328125 0.04635416666666667
0 0.0020833333333333333 0.5151041666666667 0.004166666666666667 0.04895833333333333
0 0.0171875 0.50703125 0.008333333333333333 0.050520833333333334
0 0.029557291666666666 0.51171875 0.00703125 0.043229166666666666
0 0.03815104166666666 0.5192708333333333 0.011197916666666667 0.057291666666666664
0 0.06536458333333334 0.5020833333333333 0.0046875 0.027083333333333334
0 0.072265625 0.515625 0.009114583333333334 0.06041666666666667
0 0.07942708333333333 0.5104166666666666 0.005729166666666666 0.036458333333333336
0 0.08216145833333333 0.50234375 0.002864583333333333 0.0265625
0 0.2837239583333333 0.5026041666666666 0.005989583333333333 0.030208333333333334
0 0.27877604166666664 0.5125 0.00859375 0.04375
0 0.27174479166666665 0.5072916666666667 0.00859375 0.03958333333333333
0 0.26458333333333334 0.5072916666666667 0.0067708333333333336 0.040625
0 0.241796875 0.50234375 0.004427083333333333 0.025520833333333333
0 0.234765625 0.50234375 0.00390625 0.024479166666666666
0 0.21184895833333334 0.5005208333333333 0.0033854166666666668 0.027083333333333334
0 0.21705729166666665 0.5057291666666667 0.00703125 0.041666666666666664
0 0.19296875 0.5057291666666667 0.005729166666666666 0.034375
0 0.18815104166666666 0.5046875 0.005989583333333333 0.036458333333333336
0 0.18385416666666665 0.5046875 0.005729166666666666 0.030208333333333334
0 0.206640625 0.5049479166666666 0.0049479166666666664 0.01614583333333333
0 0.16341145833333334 0.50703125 0.004427083333333333 0.0203125
2 0.124609375 0.48828125 0.01015625 0.0067708333333333336
0 0.14427083333333332 0.51171875 0.008333333333333333 0.049479166666666664
0 0.13359375 0.51171875 0.008854166666666666 0.049479166666666664
0 0.10755208333333333 0.5174479166666667 0.009375 0.06302083333333333
0 0.09921875 0.5239583333333333 0.011458333333333333 0.06354166666666666
0 0.12552083333333333 0.5 0.0026041666666666665 0.021875
0 0.087890625 0.5018229166666667 0.004427083333333333 0.025520833333333333
0 0.09166666666666666 0.503125 0.0026041666666666665 0.01875
2 0.04700520833333333 0.4903645833333333 0.01015625 0.0067708333333333336
2 0.055859374999999996 0.4901041666666667 0.00859375 0.00625
2 0.06705729166666667 0.48932291666666666 0.00859375 0.005729166666666666
0 0.04140625 0.4895833333333333 0.0020833333333333333 0.010416666666666666
0 0.4630208333333333 0.61875 0.09947916666666666 0.403125
0 0.3690104166666667 0.5182291666666666 0.013020833333333334 0.08333333333333333
0 0.3768229166666667 0.5263020833333333 0.022395833333333334 0.11927083333333333
0 0.30221354166666664 0.5213541666666667 0.014322916666666666 0.11041666666666666
0 0.31940104166666666 0.5377604166666666 0.02421875 0.13697916666666665
0 0.3385416666666667 0.4934895833333333 0.008333333333333333 0.033854166666666664
0 0.33346354166666664 0.5302083333333333 0.013802083333333333 0.10625
0 0.342578125 0.51953125 0.00703125 0.06302083333333333
0 0.35859375 0.5708333333333333 0.029166666666666667 0.17916666666666667
0 0.24765625 0.49453125 0.004166666666666667 0.018229166666666668
0 0.24947916666666667 0.5015625 0.003125 0.021875
