0 0.59921875 0.55517578125 0.025 0.1640625
0 0.577734375 0.572265625 0.03723958333333333 0.2275390625
2 0.524609375 0.4931640625 0.021614583333333333 0.0224609375
2 0.45611979166666666 0.58740234375 0.22838541666666667 0.2333984375
8 0.6115885416666667 0.546630859375 0.08671875 0.05322265625
8 0.703515625 0.50048828125 0.032552083333333336 0.037109375
8 0.7290364583333333 0.504150390625 0.023177083333333334 0.01123046875
8 0.741015625 0.500732421875 0.02421875 0.01220703125
2 0.17578125 0.50390625 0.0067708333333333336 0.0078125
2 0.1484375 0.497802734375 0.004166666666666667 0.00732421875
