0 0.03958333333333333 0.513427734375 0.010416666666666666 0.05419921875
0 0.8859374999999999 0.54052734375 0.02395833333333333 0.1455078125
0 0.9015624999999999 0.50048828125 0.0067708333333333336 0.0361328125
0 0.8973958333333333 0.487060546875 0.007291666666666667 0.03173828125
0 0.824609375 0.640625 0.12994791666666666 0.37890625
0 0.525390625 0.520263671875 0.012760416666666666 0.08349609375
0 0.5041666666666667 0.545166015625 0.019791666666666666 0.12841796875
0 0.4766927083333333 0.5625 0.031510416666666666 0.1572265625
0 0.36627604166666666 0.536865234375 0.014322916666666666 0.08056640625
0 0.2936197916666667 0.573486328125 0.03307291666666667 0.19189453125
