0 0.04010416666666666 0.512939453125 0.009895833333333333 0.05712890625
0 0.024479166666666666 0.513671875 0.013541666666666667 0.0654296875
0 0.0049479166666666664 0.540771484375 0.009895833333333333 0.13427734375
0 0.8884114583333333 0.541015625 0.021614583333333333 0.146484375
0 0.8411458333333334 0.631103515625 0.11666666666666667 0.36083984375
0 0.773046875 0.566650390625 0.029947916666666668 0.25927734375
0 0.5149739583333334 0.5244140625 0.026302083333333334 0.09375
0 0.3658854166666667 0.535888671875 0.015104166666666667 0.07763671875
0 0.30169270833333334 0.574462890625 0.03203125 0.19677734375
0 0.5080729166666667 0.52490234375 0.008854166666666666 0.072265625
0 0.9919270833333333 0.543701171875 0.015625 0.13427734375
