0 0.15403645833333332 0.619873046875 0.09505208333333333 0.35302734375
0 0.040625 0.613037109375 0.08125 0.33935546875
0 0.10442708333333334 0.552978515625 0.027604166666666666 0.13916015625
0 0.08359375 0.5126953125 0.008333333333333333 0.0517578125
0 0.9841145833333333 0.523681640625 0.017708333333333333 0.10009765625
0 0.8578125 0.609375 0.07916666666666666 0.3515625
0 0.5403645833333334 0.549072265625 0.022395833333333334 0.13623046875
0 0.514453125 0.5390625 0.016927083333333332 0.103515625
0 0.4869791666666667 0.546630859375 0.03333333333333333 0.14013671875
0 0.3673177083333333 0.5302734375 0.015885416666666666 0.068359375
0 0.966796875 0.6904296875 0.06588541666666667 0.203125
