0 0.95546875 0.58837890625 0.0375 0.291015625
0 0.928125 0.56689453125 0.03125 0.2275390625
0 0.8643229166666666 0.571533203125 0.04583333333333333 0.23388671875
0 0.7022135416666666 0.54345703125 0.025260416666666667 0.0927734375
2 0.279296875 0.4814453125 0.030989583333333334 0.0390625
8 0.06692708333333333 0.5771484375 0.13385416666666666 0.1044921875
8 0.27265625 0.522216796875 0.10572916666666667 0.04541015625
8 0.020963541666666665 0.530517578125 0.04192708333333333 0.03369140625
8 0.01614583333333333 0.509033203125 0.03229166666666666 0.01416015625
8 0.38255208333333335 0.5400390625 0.1140625 0.0546875
8 0.5510416666666667 0.56103515625 0.14739583333333334 0.0791015625
8 0.9747395833333333 0.53515625 0.05 0.0283203125
8 0.49895833333333334 0.751220703125 0.9973958333333334 0.49658203125
