0 0.19296875 0.62548828125 0.15625 0.4423828125
0 0.16575520833333332 0.5546875 0.016927083333333332 0.1328125
0 0.115234375 0.55712890625 0.02734375 0.1416015625
0 0.024739583333333332 0.60888671875 0.0421875 0.267578125
0 0.08359375 0.512451171875 0.010416666666666666 0.04541015625
0 0.9845052083333333 0.525634765625 0.02109375 0.09716796875
0 0.8572916666666667 0.609619140625 0.08385416666666666 0.34716796875
0 0.5321614583333333 0.53955078125 0.025260416666666667 0.109375
0 0.5015625 0.542724609375 0.022916666666666665 0.10205078125
0 0.36614583333333334 0.531982421875 0.020833333333333332 0.10009765625
0 0.5380208333333333 0.546630859375 0.016666666666666666 0.11181640625
