0 0.4140625 0.59912109375 0.5171875 0.5927734375
0 0.6298177083333333 0.50341796875 0.01171875 0.0517578125
1 0.6274739583333333 0.51806640625 0.019010416666666665 0.0263671875
0 0.6373697916666666 0.48193359375 0.00234375 0.009765625
2 0.5880208333333333 0.483642578125 0.008854166666666666 0.00830078125
2 0.5802083333333333 0.484375 0.008854166666666666 0.009765625
2 0.49947916666666664 0.478759765625 0.005208333333333333 0.00732421875
2 0.5106770833333333 0.479248046875 0.005208333333333333 0.00634765625
2 0.4850260416666667 0.478271484375 0.005989583333333333 0.00732421875
2 0.43502604166666664 0.482666015625 0.01015625 0.01220703125
2 0.37916666666666665 0.4814453125 0.009375 0.0078125
2 0.35963541666666665 0.48486328125 0.007291666666666667 0.005859375
2 0.3653645833333333 0.48046875 0.0046875 0.00390625
1 0.17122395833333334 0.5087890625 0.038802083333333334 0.0322265625
