0 0.8143229166666667 0.12890625 0.275 0.130859375
1 0.7692708333333333 0.189453125 0.3953125 0.169921875
0 0.44674479166666664 0.71142578125 0.4622395833333333 0.3662109375
1 0.171484375 0.5078125 0.03567708333333333 0.0322265625
2 0.36419270833333334 0.4833984375 0.006510416666666667 0.005859375
2 0.3790364583333333 0.48193359375 0.009114583333333334 0.0078125
2 0.43528645833333335 0.483154296875 0.01015625 0.01123046875
2 0.576171875 0.484375 0.00859375 0.0087890625
2 0.5822916666666667 0.48486328125 0.005208333333333333 0.0068359375
2 0.58828125 0.48388671875 0.0078125 0.0078125
2 0.4842447916666667 0.478271484375 0.00546875 0.00732421875
2 0.4993489583333333 0.4794921875 0.00546875 0.0068359375
2 0.51015625 0.4794921875 0.005729166666666666 0.0078125
