0 0.9326822916666666 0.5712890625 0.039322916666666666 0.2197265625
0 0.908984375 0.551513671875 0.023177083333333334 0.16064453125
0 0.84921875 0.5625 0.05 0.19140625
0 0.6930989583333333 0.549560546875 0.023177083333333334 0.11474609375
2 0.4328125 0.484130859375 0.03958333333333333 0.03564453125
2 0.28046875 0.483154296875 0.029166666666666667 0.03759765625
8 0.06692708333333333 0.5771484375 0.13385416666666666 0.1044921875
8 0.27265625 0.522216796875 0.10572916666666667 0.04541015625
8 0.020963541666666665 0.530517578125 0.04192708333333333 0.03369140625
8 0.01614583333333333 0.509033203125 0.03229166666666666 0.01416015625
8 0.38255208333333335 0.5400390625 0.1140625 0.0546875
8 0.5510416666666667 0.56103515625 0.14739583333333334 0.0791015625
8 0.9747395833333333 0.53515625 0.05 0.0283203125
8 0.49895833333333334 0.751220703125 0.9973958333333334 0.49658203125
