2 0.5522135416666667 0.4921875 0.01328125 0.0234375
0 0.541796875 0.576904296875 0.04453125 0.23388671875
0 0.47825520833333335 0.5888671875 0.05703125 0.2685546875
2 0.46184895833333334 0.57958984375 0.23151041666666666 0.2158203125
8 0.608984375 0.547119140625 0.08151041666666667 0.05419921875
8 0.7022135416666666 0.500244140625 0.029947916666666668 0.03662109375
8 0.7290364583333333 0.504150390625 0.023177083333333334 0.01123046875
8 0.740234375 0.500732421875 0.02265625 0.01220703125
2 0.15546875 0.5009765625 0.005208333333333333 0.0068359375
2 0.185546875 0.503173828125 0.01015625 0.01416015625
