0 0.9134114583333334 0.47031249999999997 0.04296875 0.10104166666666667
0 0.7782552083333333 0.54375 0.11640625 0.2677083333333333
0 0.5606770833333333 0.371875 0.08333333333333333 0.15208333333333332
0 0.5092447916666667 0.29973958333333334 0.008072916666666666 0.021354166666666667
0 0.4692708333333333 0.45026041666666666 0.014583333333333334 0.04635416666666667
0 0.38450520833333335 0.5244791666666666 0.06796875 0.17083333333333334
0 0.3572916666666667 0.6255208333333333 0.024479166666666666 0.08958333333333333
0 0.287890625 0.5736979166666667 0.04973958333333333 0.1453125
0 0.16119791666666666 0.7231770833333333 0.1109375 0.21302083333333333
0 0.4998697916666667 0.7721354166666666 0.9997395833333333 0.45468749999999997
