2 0.4649739583333333 0.586669921875 0.25234375 0.23388671875
0 0.5350260416666667 0.50146484375 0.015364583333333333 0.044921875
0 0.5614583333333333 0.504638671875 0.017708333333333333 0.05224609375
8 0.623046875 0.54931640625 0.06692708333333333 0.0517578125
8 0.705078125 0.500732421875 0.029947916666666668 0.03662109375
8 0.7305989583333333 0.503173828125 0.022135416666666668 0.01025390625
8 0.742578125 0.500732421875 0.02265625 0.01220703125
7 0.182421875 0.495361328125 0.012760416666666666 0.02587890625
2 0.15455729166666665 0.5 0.004427083333333333 0.0068359375
2 0.5872395833333334 0.489013671875 0.005729166666666666 0.01025390625
0 0.58046875 0.496337890625 0.0026041666666666665 0.01513671875
