0 0.8701822916666666 0.5498046875 0.023177083333333334 0.0556640625
0 0.8234374999999999 0.5693359375 0.022395833333333334 0.1689453125
0 0.676953125 0.5791015625 0.04973958333333333 0.2255859375
0 0.638671875 0.546875 0.025260416666666667 0.1474609375
0 0.62421875 0.5546875 0.013541666666666667 0.126953125
0 0.586328125 0.57568359375 0.023697916666666666 0.1689453125
0 0.5553385416666666 0.586181640625 0.02786458333333333 0.19482421875
0 0.5244791666666666 0.599853515625 0.030729166666666665 0.23388671875
0 0.4979166666666667 0.544677734375 0.01875 0.10302734375
0 0.42291666666666666 0.539794921875 0.015104166666666667 0.04345703125
0 0.44101562499999997 0.5595703125 0.016927083333333332 0.115234375
0 0.4407552083333333 0.53564453125 0.015364583333333333 0.037109375
0 0.41940104166666664 0.5771484375 0.011197916666666667 0.0634765625
0 0.35651041666666666 0.5888671875 0.03697916666666667 0.2265625
0 0.3341145833333333 0.581298828125 0.0125 0.16162109375
0 0.215234375 0.6728515625 0.10182291666666667 0.3759765625
