16 0.47760416666666666 0.6123046875 0.0265625 0.0400390625
0 0.39166666666666666 0.585693359375 0.011458333333333333 0.08837890625
0 0.3794270833333333 0.58837890625 0.016666666666666666 0.09375
0 0.43893229166666664 0.584228515625 0.015364583333333333 0.05908203125
0 0.419140625 0.627685546875 0.02005208333333333 0.08935546875
0 0.4381510416666667 0.647705078125 0.01484375 0.06884765625
0 0.38046875 0.837646484375 0.1359375 0.12744140625
0 0.47552083333333334 0.889404296875 0.1296875 0.09326171875
0 0.5802083333333333 0.840576171875 0.0796875 0.13232421875
0 0.7845052083333334 0.795654296875 0.06901041666666667 0.15478515625
0 0.10338541666666666 0.92724609375 0.20677083333333332 0.1259765625
0 0.23906249999999998 0.85009765625 0.1140625 0.115234375
0 0.2923177083333333 0.795166015625 0.053906249999999996 0.13818359375
0 0.2889322916666667 0.69775390625 0.04348958333333333 0.0859375
0 0.15364583333333334 0.6875 0.03802083333333333 0.0947265625
0 0.14075520833333333 0.792236328125 0.06536458333333334 0.13232421875
0 0.078515625 0.645263671875 0.023177083333333334 0.12060546875
0 0.05091145833333333 0.656494140625 0.03203125 0.11474609375
0 0.9447916666666667 0.9208984375 0.109375 0.140625
