0 0.9385416666666666 0.53515625 0.04114583333333333 0.22239583333333332
0 0.9848958333333333 0.5466145833333333 0.0296875 0.2484375
0 0.82578125 0.653125 0.2703125 0.2833333333333333
0 0.6282552083333334 0.8309895833333333 0.10651041666666666 0.09114583333333333
0 0.5475260416666666 0.853125 0.33307291666666666 0.17395833333333333
0 0.26901041666666664 0.753125 0.17760416666666667 0.29583333333333334
0 0.012369791666666666 0.5484375 0.024739583333333332 0.23229166666666667
0 0.03268229166666667 0.53203125 0.03307291666666667 0.15052083333333333
0 0.057812499999999996 0.5630208333333333 0.059895833333333336 0.24270833333333333
0 0.09856770833333334 0.61328125 0.10755208333333333 0.25677083333333334
0 0.5013020833333334 0.8317708333333333 0.996875 0.33541666666666664
