0 0.9341145833333333 0.5705729166666667 0.051041666666666666 0.21927083333333333
0 0.78359375 0.7307291666666667 0.21666666666666667 0.221875
0 0.621484375 0.7674479166666667 0.09088541666666666 0.1328125
0 0.488671875 0.7723958333333333 0.20494791666666667 0.20625
0 0.2953125 0.7229166666666667 0.15572916666666667 0.3125
0 0.12473958333333333 0.6510416666666666 0.11197916666666667 0.24895833333333334
0 0.06953125 0.5994791666666667 0.08020833333333333 0.24166666666666667
0 0.019010416666666665 0.57578125 0.03802083333333333 0.20260416666666667
0 0.038802083333333334 0.5817708333333333 0.035416666666666666 0.17916666666666667
0 0.4998697916666667 0.8815104166666666 0.9997395833333333 0.2359375
