0 0.8690104166666667 0.5400390625 0.022395833333333334 0.0810546875
0 0.8196614583333334 0.56494140625 0.029427083333333333 0.1484375
0 0.7095052083333333 0.62060546875 0.062239583333333334 0.3369140625
16 0.6596354166666667 0.59130859375 0.0375 0.04296875
0 0.621875 0.5595703125 0.022395833333333334 0.1337890625
0 0.5822916666666667 0.5771484375 0.027083333333333334 0.1708984375
0 0.5522135416666667 0.578369140625 0.025260416666666667 0.17138671875
0 0.5174479166666667 0.599365234375 0.041666666666666664 0.22705078125
0 0.49778645833333335 0.5380859375 0.02109375 0.08984375
0 0.42721354166666664 0.52685546875 0.013802083333333333 0.08203125
0 0.4407552083333333 0.5595703125 0.01640625 0.119140625
0 0.44140625 0.533447265625 0.013020833333333334 0.03466796875
0 0.4204427083333333 0.579345703125 0.014322916666666666 0.06982421875
0 0.354296875 0.589599609375 0.03411458333333333 0.21923828125
0 0.3359375 0.581298828125 0.015625 0.16455078125
0 0.21705729166666665 0.674560546875 0.08776041666666666 0.37158203125
