0 0.08411458333333333 0.51123046875 0.008333333333333333 0.0537109375
0 0.008854166666666666 0.51611328125 0.0109375 0.0634765625
0 0.8977864583333334 0.4990234375 0.0049479166666666664 0.02734375
0 0.8489583333333334 0.60107421875 0.0765625 0.3359375
0 0.5118489583333333 0.535888671875 0.01953125 0.09228515625
0 0.4942708333333333 0.54443359375 0.025520833333333333 0.1298828125
0 0.4225260416666667 0.537353515625 0.025260416666666667 0.11474609375
0 0.3833333333333333 0.589111328125 0.05677083333333333 0.25732421875
0 0.24427083333333333 0.54296875 0.019270833333333334 0.1005859375
0 0.2662760416666667 0.554443359375 0.02109375 0.13330078125
0 0.9936197916666667 0.51220703125 0.012239583333333333 0.0576171875
0 0.38255208333333335 0.523681640625 0.008854166666666666 0.05712890625
