2 0.8854166666666666 0.50078125 0.0296875 0.0234375
2 0.8591145833333333 0.5013020833333334 0.025 0.0265625
2 0.8376302083333333 0.503125 0.02786458333333333 0.03229166666666666
2 0.791015625 0.5033854166666667 0.023697916666666666 0.03697916666666667
2 0.748828125 0.5 0.03828125 0.021875
2 0.0421875 0.49635416666666665 0.01875 0.008333333333333333
2 0.22122395833333333 0.49921875 0.03359375 0.04739583333333333
0 0.42356770833333335 0.6106770833333334 0.25807291666666665 0.6526041666666667
0 0.5356770833333333 0.6729166666666666 0.08697916666666666 0.38125
2 0.6235677083333333 0.6127604166666667 0.32526041666666666 0.3494791666666667
