2 0.46236979166666664 0.58251953125 0.23828125 0.2216796875
0 0.5459635416666666 0.578857421875 0.04609375 0.23876953125
0 0.47942708333333334 0.592041015625 0.04791666666666666 0.27490234375
8 0.61015625 0.546630859375 0.08385416666666666 0.05322265625
8 0.7022135416666666 0.500244140625 0.029947916666666668 0.03662109375
8 0.7290364583333333 0.504150390625 0.023177083333333334 0.01123046875
8 0.740234375 0.500732421875 0.02265625 0.01220703125
2 0.15716145833333334 0.500732421875 0.00546875 0.00927734375
2 0.17591145833333333 0.5009765625 0.01015625 0.015625
2 0.24778645833333332 0.509033203125 0.032552083333333336 0.02587890625
2 0.5303385416666666 0.492431640625 0.013802083333333333 0.01416015625
