0 0.5283854166666666 0.6682291666666667 0.10208333333333333 0.16666666666666666
0 0.060286458333333334 0.5877604166666667 0.048177083333333336 0.1609375
0 0.13489583333333333 0.5380208333333333 0.03958333333333333 0.06041666666666667
0 0.4095052083333333 0.5015625 0.006510416666666667 0.034375
0 0.385546875 0.5 0.007552083333333333 0.042708333333333334
0 0.37278645833333335 0.5104166666666666 0.00546875 0.025
0 0.3796875 0.5067708333333333 0.0067708333333333336 0.027083333333333334
0 0.394921875 0.5057291666666667 0.006510416666666667 0.03125
0 0.175390625 0.5109375 0.004427083333333333 0.02395833333333333
0 0.05286458333333333 0.48385416666666664 0.005729166666666666 0.02395833333333333
2 0.1125 0.4986979166666667 0.033854166666666664 0.022395833333333334
2 0.14934895833333334 0.50859375 0.030989583333333334 0.0265625
2 0.10182291666666667 0.48776041666666664 0.013020833333333334 0.0140625
