16 0.7736979166666667 0.5947265625 0.03333333333333333 0.0537109375
0 0.871875 0.540283203125 0.017708333333333333 0.07861328125
0 0.8177083333333334 0.5654296875 0.029166666666666667 0.1552734375
0 0.7828125 0.52734375 0.01875 0.1005859375
0 0.6266927083333333 0.584228515625 0.031510416666666666 0.21728515625
0 0.5796875 0.57421875 0.025520833333333333 0.1650390625
0 0.5536458333333333 0.57861328125 0.024479166666666666 0.1875
0 0.5171875 0.596923828125 0.04739583333333333 0.22119140625
0 0.49765624999999997 0.53857421875 0.017708333333333333 0.08984375
0 0.42682291666666666 0.552490234375 0.01614583333333333 0.13037109375
0 0.44166666666666665 0.558837890625 0.014583333333333334 0.12255859375
0 0.4419270833333333 0.531982421875 0.015104166666666667 0.03173828125
0 0.41875 0.57568359375 0.015104166666666667 0.0703125
0 0.3541666666666667 0.590576171875 0.030729166666666665 0.22216796875
0 0.33515625 0.582275390625 0.017708333333333333 0.15673828125
0 0.22018229166666667 0.676025390625 0.08880208333333334 0.37841796875
