0 0.953125 0.58935546875 0.0390625 0.27734375
0 0.9268229166666666 0.5712890625 0.0359375 0.2431640625
0 0.8657552083333333 0.568115234375 0.05026041666666667 0.21826171875
0 0.705078125 0.54248046875 0.024739583333333332 0.0869140625
2 0.280859375 0.483642578125 0.026302083333333334 0.03857421875
8 0.06692708333333333 0.5771484375 0.13385416666666666 0.1044921875
8 0.27265625 0.522216796875 0.10572916666666667 0.04541015625
8 0.020963541666666665 0.530517578125 0.04192708333333333 0.03369140625
8 0.01614583333333333 0.509033203125 0.03229166666666666 0.01416015625
8 0.38255208333333335 0.5400390625 0.1140625 0.0546875
8 0.5510416666666667 0.56103515625 0.14739583333333334 0.0791015625
8 0.9747395833333333 0.53515625 0.05 0.0283203125
8 0.49895833333333334 0.751220703125 0.9973958333333334 0.49658203125
