0 0.5901041666666667 0.568603515625 0.042708333333333334 0.20166015625
2 0.5421875 0.491943359375 0.018229166666666668 0.01806640625
2 0.45989583333333334 0.588623046875 0.23802083333333332 0.23388671875
8 0.6114583333333333 0.547607421875 0.08645833333333333 0.05517578125
8 0.704296875 0.500244140625 0.029947916666666668 0.03564453125
8 0.7311197916666666 0.503173828125 0.021614583333333333 0.00927734375
8 0.7408854166666666 0.5009765625 0.02395833333333333 0.0126953125
2 0.14986979166666667 0.496337890625 0.006510416666666667 0.01318359375
2 0.16927083333333334 0.502685546875 0.0067708333333333336 0.00830078125
2 0.5813802083333334 0.48828125 0.007552083333333333 0.0087890625
0 0.6015625 0.560546875 0.015625 0.1279296875
