2 0.5596354166666666 0.492431640625 0.0109375 0.01220703125
0 0.5427083333333333 0.576416015625 0.042708333333333334 0.23876953125
0 0.4842447916666667 0.588134765625 0.061197916666666664 0.26904296875
2 0.46171875 0.580322265625 0.23177083333333334 0.21630859375
8 0.608984375 0.547119140625 0.08151041666666667 0.05419921875
8 0.7022135416666666 0.500244140625 0.029947916666666668 0.03662109375
8 0.7290364583333333 0.504150390625 0.023177083333333334 0.01123046875
8 0.740234375 0.500732421875 0.02265625 0.01220703125
2 0.20364583333333333 0.50439453125 0.009375 0.017578125
2 0.148828125 0.499755859375 0.00390625 0.00732421875
2 0.15846354166666665 0.500732421875 0.0049479166666666664 0.00732421875
