0 0.085546875 0.607421875 0.10651041666666666 0.3544921875
0 0.16380208333333332 0.55712890625 0.025 0.1328125
0 0.026692708333333332 0.5146484375 0.009635416666666667 0.0537109375
0 0.008463541666666666 0.514404296875 0.00703125 0.04931640625
0 0.8578125 0.610107421875 0.07916666666666666 0.35595703125
0 0.51796875 0.550537109375 0.021875 0.15869140625
0 0.3587239583333333 0.5263671875 0.012760416666666666 0.0791015625
0 0.3790364583333333 0.532470703125 0.01171875 0.07080078125
0 0.9970052083333333 0.520263671875 0.0049479166666666664 0.04052734375
0 0.00234375 0.513671875 0.0046875 0.0537109375
0 0.5395833333333333 0.536376953125 0.011458333333333333 0.09521484375
0 0.5095052083333333 0.5166015625 0.017447916666666667 0.0517578125
