0 0.43697916666666664 0.6763020833333333 0.15625 0.5713541666666666
0 0.6983072916666666 0.4861979166666667 0.023697916666666666 0.1171875
0 0.7669270833333334 0.49453125 0.0067708333333333336 0.021354166666666667
0 0.7401041666666667 0.4979166666666667 0.004166666666666667 0.008333333333333333
0 0.7352864583333333 0.49583333333333335 0.002864583333333333 0.008333333333333333
0 0.6759114583333333 0.47369791666666666 0.0033854166666666668 0.015104166666666667
0 0.6455729166666666 0.47734375 0.0026041666666666665 0.0067708333333333336
0 0.63125 0.4744791666666667 0.0036458333333333334 0.009375
0 0.62734375 0.47421874999999997 0.0020833333333333333 0.008854166666666666
0 0.624609375 0.4747395833333333 0.002864583333333333 0.008854166666666666
8 0.5907552083333333 0.48020833333333335 0.023177083333333334 0.013541666666666667
8 0.6341145833333334 0.4830729166666667 0.0375 0.008854166666666666
8 0.679296875 0.4848958333333333 0.028906249999999998 0.014583333333333334
0 0.687890625 0.4765625 0.00390625 0.009375
37 0.53828125 0.8778645833333333 0.42604166666666665 0.21510416666666665
