2 0.553515625 0.49169921875 0.013802083333333333 0.0126953125
0 0.534375 0.575439453125 0.0453125 0.22998046875
0 0.47174479166666666 0.58837890625 0.06640625 0.2646484375
2 0.4608072916666667 0.5771484375 0.22786458333333334 0.2099609375
2 0.15377604166666667 0.5009765625 0.0049479166666666664 0.0068359375
2 0.302734375 0.51025390625 0.045572916666666664 0.0283203125
8 0.608984375 0.547119140625 0.08151041666666667 0.05419921875
8 0.7022135416666666 0.500244140625 0.029947916666666668 0.03662109375
8 0.7290364583333333 0.504150390625 0.023177083333333334 0.01123046875
8 0.740234375 0.500732421875 0.02265625 0.01220703125
