0 0.0016927083333333334 0.51318359375 0.0033854166666666668 0.052734375
0 0.007421875 0.515869140625 0.00703125 0.04833984375
0 0.025651041666666666 0.51708984375 0.009635416666666667 0.0517578125
0 0.08307291666666666 0.514892578125 0.008333333333333333 0.04833984375
0 0.165625 0.5556640625 0.019791666666666666 0.126953125
0 0.5397135416666666 0.536376953125 0.012760416666666666 0.09619140625
0 0.5078125 0.516845703125 0.011979166666666666 0.05224609375
0 0.51640625 0.5498046875 0.026041666666666668 0.1533203125
0 0.3787760416666667 0.53125 0.015364583333333333 0.06640625
0 0.359375 0.52734375 0.009375 0.076171875
0 0.8498697916666667 0.611572265625 0.08151041666666667 0.35498046875
0 0.20208333333333334 0.6240234375 0.17760416666666667 0.44140625
