2 0.57578125 0.484130859375 0.008854166666666666 0.00927734375
2 0.58203125 0.483642578125 0.005208333333333333 0.00732421875
2 0.5881510416666667 0.483642578125 0.00859375 0.00830078125
2 0.5108072916666666 0.478759765625 0.0049479166666666664 0.00830078125
2 0.49947916666666664 0.47900390625 0.005208333333333333 0.0068359375
2 0.36822916666666666 0.47802734375 0.0036458333333333334 0.00390625
2 0.36432291666666666 0.48291015625 0.007291666666666667 0.0068359375
2 0.3790364583333333 0.4814453125 0.009635416666666667 0.0078125
1 0.17083333333333334 0.509033203125 0.03697916666666667 0.03271484375
0 0.44479166666666664 0.4873046875 0.0328125 0.1318359375
1 0.4446614583333333 0.528076171875 0.03359375 0.08642578125
0 0.4798177083333333 0.4921875 0.028906249999999998 0.20703125
