8 0.869921875 0.46588541666666666 0.026822916666666665 0.0171875
0 0.8752604166666667 0.45260416666666664 0.008854166666666666 0.014583333333333334
0 0.866015625 0.45390625 0.009114583333333334 0.008854166666666666
0 0.7220052083333334 0.48671875 0.004427083333333333 0.0078125
0 0.72421875 0.48776041666666664 0.008333333333333333 0.0078125
8 0.7233072916666666 0.49322916666666666 0.029947916666666668 0.01875
8 0.421875 0.55234375 0.042708333333333334 0.0328125
0 0.4119791666666667 0.5388020833333333 0.0125 0.0203125
0 0.42994791666666665 0.5442708333333334 0.011979166666666666 0.027083333333333334
8 0.109375 0.48515625 0.05 0.028645833333333332
0 0.11328125 0.47682291666666665 0.007291666666666667 0.011979166666666666
0 0.10169270833333333 0.47630208333333335 0.01015625 0.0140625
8 0.4998697916666667 0.7520833333333333 0.9997395833333333 0.49374999999999997
0 0.823046875 0.5846354166666666 0.11119791666666666 0.15364583333333334
0 0.4998697916666667 0.8234374999999999 0.9997395833333333 0.3520833333333333
