8 0.8067708333333333 0.4809895833333333 0.040625 0.0203125
0 0.8151041666666666 0.46510416666666665 0.007291666666666667 0.0125
0 0.8053385416666666 0.465625 0.00859375 0.011458333333333333
8 0.689453125 0.5109375 0.03515625 0.016666666666666666
0 0.6927083333333334 0.5018229166666667 0.0046875 0.0078125
0 0.6875 0.5018229166666667 0.00625 0.009895833333333333
0 0.3880208333333333 0.5372395833333333 0.010416666666666666 0.024479166666666666
0 0.371484375 0.5338541666666666 0.01328125 0.020833333333333332
8 0.38450520833333335 0.5481770833333334 0.04296875 0.03802083333333333
0 0.108984375 0.4744791666666667 0.00703125 0.014583333333333334
0 0.09739583333333333 0.47421874999999997 0.0109375 0.01614583333333333
8 0.10455729166666666 0.4822916666666667 0.055989583333333336 0.036458333333333336
8 0.4998697916666667 0.76640625 0.9997395833333333 0.4661458333333333
0 0.8214843749999999 0.6208333333333333 0.14244791666666667 0.15
