8 0.7794270833333333 0.48723958333333334 0.04895833333333333 0.0296875
0 0.7875 0.47578125 0.008854166666666666 0.0140625
0 0.7795572916666667 0.4791666666666667 0.011197916666666667 0.009375
0 0.6059895833333333 0.5020833333333333 0.009375 0.01875
0 0.5962239583333333 0.5015625 0.01015625 0.015625
8 0.6026041666666666 0.5080729166666667 0.03177083333333333 0.0171875
0 0.28216145833333334 0.5317708333333333 0.00859375 0.014583333333333334
0 0.2735677083333333 0.53359375 0.01171875 0.01614583333333333
8 0.28125 0.5421875 0.059375 0.03229166666666666
0 0.9548177083333333 0.6388020833333333 0.08984375 0.1671875
0 0.056380208333333334 0.6614583333333334 0.11276041666666667 0.14583333333333334
0 0.4998697916666667 0.8630208333333333 0.9997395833333333 0.27291666666666664
8 0.4998697916666667 0.7747395833333334 0.9997395833333333 0.44947916666666665
8 0.012760416666666666 0.46901041666666665 0.009375 0.013020833333333334
