0 0.9828125 0.28515625 0.011979166666666666 0.043229166666666666
0 0.9721354166666667 0.28854166666666664 0.009895833333333333 0.03958333333333333
0 0.9634114583333333 0.2895833333333333 0.010677083333333334 0.03958333333333333
0 0.94140625 0.3 0.0109375 0.034375
0 0.9345052083333333 0.3059895833333333 0.008072916666666666 0.030729166666666665
0 0.9265625 0.3098958333333333 0.008333333333333333 0.036458333333333336
0 0.9196614583333333 0.3028645833333333 0.005989583333333333 0.0109375
0 0.9132812499999999 0.32005208333333335 0.008333333333333333 0.030729166666666665
0 0.9861979166666667 0.39140625 0.005729166666666666 0.021354166666666667
0 0.9333333333333333 0.4145833333333333 0.004166666666666667 0.01875
0 0.9269531249999999 0.41562499999999997 0.0033854166666666668 0.015625
0 0.923828125 0.4171875 0.002864583333333333 0.014583333333333334
0 0.9037760416666667 0.42578125 0.002864583333333333 0.01614583333333333
0 0.9013020833333333 0.425 0.0020833333333333333 0.016666666666666666
0 0.8684895833333334 0.44296874999999997 0.0020833333333333333 0.011979166666666666
0 0.8604166666666666 0.4479166666666667 0.003125 0.009375
0 0.8664062499999999 0.44479166666666664 0.0015625 0.011458333333333333
0 0.8645833333333334 0.44609375 0.0015625 0.0109375
0 0.8516927083333333 0.45286458333333335 0.0018229166666666667 0.009895833333333333
0 0.8486979166666666 0.45390625 0.0020833333333333333 0.009895833333333333
0 0.8475260416666667 0.45468749999999997 0.0018229166666666667 0.009375
0 0.83984375 0.46015625 0.0026041666666666665 0.009895833333333333
0 0.9345052083333333 0.58515625 0.021614583333333333 0.13489583333333333
0 0.8016927083333333 0.5091145833333334 0.0033854166666666668 0.0140625
0 0.7869791666666667 0.5072916666666667 0.00625 0.008333333333333333
0 0.7953125 0.509375 0.004166666666666667 0.013541666666666667
0 0.7889322916666667 0.5213541666666667 0.007552083333333333 0.022916666666666665
0 0.8091145833333333 0.5455729166666666 0.008333333333333333 0.059895833333333336
0 0.7953125 0.56484375 0.022395833333333334 0.09635416666666667
0 0.816015625 0.5682291666666667 0.016927083333333332 0.10416666666666667
0 0.014713541666666666 0.39557291666666666 0.007552083333333333 0.021354166666666667
0 0.026171875 0.3958333333333333 0.00390625 0.01875
1 0.027083333333333334 0.39817708333333335 0.01614583333333333 0.015104166666666667
8 0.4591145833333333 0.5041666666666667 0.01614583333333333 0.010416666666666666
8 0.6403645833333333 0.50078125 0.010416666666666666 0.0067708333333333336
8 0.6641927083333333 0.49635416666666665 0.006510416666666667 0.004166666666666667
8 0.7186197916666667 0.49635416666666665 0.0033854166666666668 0.003125
8 0.35299479166666664 0.5072916666666667 0.009635416666666667 0.00625
8 0.36171875 0.49557291666666664 0.003125 0.0026041666666666665
