0 0.7553385416666667 0.51904296875 0.02265625 0.107421875
0 0.7345052083333333 0.494384765625 0.01328125 0.06396484375
1 0.7575520833333333 0.552734375 0.0203125 0.0712890625
1 0.7350260416666666 0.512939453125 0.011197916666666667 0.04052734375
2 0.23958333333333334 0.507080078125 0.011979166666666666 0.01513671875
2 0.23216145833333332 0.502685546875 0.010677083333333334 0.01513671875
0 0.22513020833333333 0.500244140625 0.00234375 0.01513671875
2 0.18541666666666667 0.509521484375 0.008333333333333333 0.01220703125
2 0.4998697916666667 0.79150390625 0.9997395833333333 0.416015625
0 0.38125 0.760498046875 0.20520833333333333 0.24755859375
