0 0.9167968750000001 0.46458333333333335 0.01640625 0.04861111111111111
0 0.9226562500000001 0.4395833333333333 0.010937500000000001 0.07083333333333333
0 0.9011718750000001 0.4569444444444445 0.01171875 0.075
0 0.8890625000000001 0.48125 0.028125 0.10416666666666667
0 0.9593750000000001 0.4166666666666667 0.029687500000000002 0.1
0 0.953125 0.5326388888888889 0.0890625 0.14305555555555557
0 0.700390625 0.6625 0.01171875 0.03333333333333333
0 0.394140625 0.58125 0.08359375000000001 0.33194444444444443
36 0.389453125 0.7243055555555555 0.15703125 0.08472222222222223
36 0.9296875 0.6215277777777778 0.1390625 0.0375
