0 0.101953125 0.6215277777777778 0.17578125 0.5180555555555556
2 0.178515625 0.46944444444444444 0.032031250000000004 0.036111111111111115
2 0.35625 0.5340277777777778 0.0203125 0.029166666666666667
2 0.374609375 0.5395833333333333 0.01953125 0.029166666666666667
2 0.39492187500000003 0.5458333333333334 0.01953125 0.02777777777777778
2 0.41171875 0.5479166666666667 0.015625 0.02361111111111111
2 0.43593750000000003 0.5486111111111112 0.018750000000000003 0.022222222222222223
2 0.45234375000000004 0.5465277777777778 0.015625 0.020833333333333336
2 0.48515625 0.5423611111111112 0.015625 0.020833333333333336
0 0.917578125 0.6534722222222222 0.16328125000000002 0.46805555555555556
0 0.990234375 0.42986111111111114 0.017968750000000002 0.04027777777777778
