0 0.09765625 0.6291666666666667 0.19062500000000002 0.5194444444444445
0 0.9187500000000001 0.6590277777777778 0.1609375 0.48194444444444445
0 0.987890625 0.4291666666666667 0.02109375 0.04166666666666667
0 0.47890625000000003 0.5104166666666667 0.009375000000000001 0.04861111111111111
2 0.26406250000000003 0.4388888888888889 0.0171875 0.022222222222222223
2 0.27968750000000003 0.4395833333333333 0.015625 0.020833333333333336
2 0.29921875000000003 0.45069444444444445 0.025 0.0375
2 0.32539062500000004 0.45555555555555555 0.01640625 0.030555555555555558
2 0.3328125 0.46597222222222223 0.0125 0.0375
2 0.37031250000000004 0.4777777777777778 0.0703125 0.07777777777777778
0 0.417578125 0.4756944444444445 0.0054687500000000005 0.02638888888888889
16 0.44453125000000004 0.4916666666666667 0.009375000000000001 0.01388888888888889
