0 0.09843750000000001 0.6291666666666667 0.19375 0.5083333333333333
0 0.917578125 0.65625 0.16328125000000002 0.48194444444444445
0 0.9859375 0.42847222222222225 0.025 0.04583333333333334
0 0.4765625 0.5166666666666667 0.0078125 0.04722222222222222
0 0.416796875 0.4798611111111111 0.0054687500000000005 0.02638888888888889
16 0.44140625 0.4979166666666667 0.010937500000000001 0.015277777777777779
2 0.2609375 0.44375000000000003 0.015625 0.020833333333333336
2 0.27734375 0.44375000000000003 0.0140625 0.015277777777777779
2 0.298046875 0.4548611111111111 0.025781250000000002 0.0375
2 0.36250000000000004 0.4840277777777778 0.078125 0.08194444444444444
