2 0.35625 0.5423611111111112 0.0234375 0.03194444444444445
2 0.432421875 0.5409722222222222 0.01953125 0.020833333333333336
2 0.4109375 0.5444444444444445 0.0234375 0.02777777777777778
2 0.46992187500000004 0.5326388888888889 0.01640625 0.02361111111111111
0 0.015234375000000001 0.44236111111111115 0.030468750000000003 0.09583333333333334
0 0.9164062500000001 0.6625 0.16562500000000002 0.47500000000000003
0 0.118359375 0.5770833333333334 0.18984375 0.41250000000000003
2 0.15351562500000002 0.47708333333333336 0.02890625 0.034722222222222224
2 0.37929687500000003 0.5430555555555556 0.02109375 0.02777777777777778
2 0.3328125 0.5375 0.021875000000000002 0.030555555555555558
0 0.9906250000000001 0.42986111111111114 0.0171875 0.034722222222222224
