0 0.70078125 0.6618055555555555 0.015625 0.02361111111111111
0 0.9167968750000001 0.4590277777777778 0.014843750000000001 0.04027777777777778
0 0.923828125 0.44027777777777777 0.01640625 0.0638888888888889
0 0.9015625 0.45416666666666666 0.0125 0.06944444444444445
0 0.892578125 0.4756944444444445 0.025781250000000002 0.09861111111111112
0 0.9593750000000001 0.41458333333333336 0.028125 0.09861111111111112
0 0.9515625000000001 0.5333333333333333 0.09062500000000001 0.1388888888888889
0 0.3921875 0.5840277777777778 0.0765625 0.3402777777777778
36 0.389453125 0.7243055555555555 0.15703125 0.08472222222222223
36 0.9296875 0.6215277777777778 0.1390625 0.0375
