0 0.098046875 0.6263888888888889 0.19609375 0.5083333333333333
0 0.91953125 0.6520833333333333 0.15937500000000002 0.4763888888888889
0 0.99140625 0.42986111111111114 0.015625 0.04027777777777778
0 0.46132812500000003 0.5048611111111111 0.00859375 0.04027777777777778
2 0.24570312500000002 0.42708333333333337 0.02109375 0.02638888888888889
2 0.264453125 0.43125 0.01640625 0.020833333333333336
2 0.28828125 0.4416666666666667 0.0234375 0.04166666666666667
2 0.318359375 0.44930555555555557 0.02421875 0.03194444444444445
2 0.32890625 0.45972222222222225 0.025 0.036111111111111115
2 0.36875 0.4743055555555556 0.060937500000000006 0.06805555555555556
16 0.43085937500000004 0.48680555555555555 0.00859375 0.0125
