2 0.233203125 0.425 0.017968750000000002 0.019444444444444445
2 0.252734375 0.42638888888888893 0.017968750000000002 0.019444444444444445
2 0.27890625 0.4361111111111111 0.026562500000000003 0.03888888888888889
2 0.32343750000000004 0.45416666666666666 0.025 0.036111111111111115
2 0.36328125 0.46319444444444446 0.05625 0.06805555555555556
2 0.31171875000000004 0.44027777777777777 0.025 0.030555555555555558
0 0.09648437500000001 0.6270833333333333 0.19296875000000002 0.5125000000000001
0 0.9183593750000001 0.6597222222222222 0.16171875000000002 0.4861111111111111
0 0.452734375 0.48680555555555555 0.00859375 0.0375
16 0.42304687500000004 0.4715277777777778 0.00859375 0.0125
