0 0.102734375 0.6243055555555556 0.16796875 0.4986111111111111
2 0.126953125 0.4395833333333333 0.01953125 0.029166666666666667
2 0.16367187500000002 0.4625 0.01171875 0.030555555555555558
2 0.18281250000000002 0.47361111111111115 0.03125 0.030555555555555558
2 0.19453125000000002 0.4916666666666667 0.0328125 0.04166666666666667
2 0.24335937500000002 0.5090277777777777 0.039843750000000004 0.05416666666666667
2 0.284765625 0.5381944444444444 0.03515625 0.04861111111111111
2 0.36835937500000004 0.5673611111111111 0.01953125 0.04027777777777778
0 0.9921875 0.43125 0.0140625 0.0375
0 0.91796875 0.6555555555555556 0.1625 0.4777777777777778
