0 0.900390625 0.4548611111111111 0.013281250000000001 0.06527777777777778
0 0.9140625 0.46944444444444444 0.029687500000000002 0.06666666666666667
0 0.9246093750000001 0.44097222222222227 0.013281250000000001 0.06527777777777778
0 0.8347656250000001 0.5388888888888889 0.03515625 0.11944444444444445
0 0.958984375 0.4173611111111111 0.02421875 0.08750000000000001
0 0.954296875 0.5319444444444444 0.08359375000000001 0.14444444444444446
36 0.39140625 0.7173611111111111 0.15625 0.08194444444444444
0 0.39296875000000003 0.58125 0.0765625 0.32916666666666666
36 0.389453125 0.7243055555555555 0.15703125 0.08472222222222223
36 0.9296875 0.6215277777777778 0.1390625 0.0375
