0 0.09726562500000001 0.6263888888888889 0.19140625 0.5
0 0.9187500000000001 0.6534722222222222 0.1609375 0.48194444444444445
0 0.983984375 0.43125 0.02109375 0.04583333333333334
0 0.47304687500000003 0.5215277777777778 0.00859375 0.04583333333333334
0 0.43789062500000003 0.49930555555555556 0.01171875 0.0125
16 0.4140625 0.4847222222222222 0.00625 0.030555555555555558
2 0.25820312500000003 0.44375000000000003 0.01640625 0.020833333333333336
2 0.275 0.44375000000000003 0.0140625 0.018055555555555557
2 0.29453125 0.4569444444444445 0.029687500000000002 0.03888888888888889
2 0.35859375000000004 0.48333333333333334 0.08125 0.08611111111111111
