0 0.897265625 0.46953125 0.0049479166666666664 0.0234375
8 0.9842447916666667 0.4901041666666667 0.009114583333333334 0.021875
8 0.9684895833333333 0.490625 0.024479166666666666 0.027083333333333334
8 0.9611979166666667 0.5015625 0.0125 0.015625
8 0.92578125 0.48072916666666665 0.0609375 0.06458333333333333
8 0.8907552083333333 0.48515625 0.055989583333333336 0.0671875
8 0.855859375 0.4966145833333333 0.06015625 0.057812499999999996
8 0.7990885416666667 0.4888020833333333 0.05859375 0.09322916666666667
8 0.7240885416666667 0.48802083333333335 0.061197916666666664 0.08645833333333333
8 0.6643229166666667 0.48828125 0.06145833333333333 0.0671875
8 0.6294270833333333 0.4979166666666667 0.034375 0.03854166666666667
8 0.6065104166666666 0.4966145833333333 0.059895833333333336 0.034895833333333334
8 0.574609375 0.49296875 0.04088541666666667 0.0265625
8 0.553125 0.49322916666666666 0.022916666666666665 0.020833333333333332
8 0.47174479166666666 0.49921875 0.017447916666666667 0.01614583333333333
8 0.457421875 0.5005208333333333 0.020572916666666666 0.019791666666666666
8 0.43333333333333335 0.49557291666666664 0.04010416666666666 0.0359375
8 0.37447916666666664 0.5033854166666667 0.08333333333333333 0.05260416666666667
8 0.32135416666666666 0.5052083333333334 0.01875 0.017708333333333333
8 0.2505208333333333 0.503125 0.11979166666666667 0.057291666666666664
8 0.169140625 0.5114583333333333 0.03723958333333333 0.020833333333333332
8 0.18359375 0.4979166666666667 0.0265625 0.027083333333333334
8 0.1 0.4973958333333333 0.033854166666666664 0.017708333333333333
0 0.06744791666666666 0.6143229166666666 0.0484375 0.1484375
0 0.024869791666666665 0.5838541666666667 0.04973958333333333 0.19166666666666665
0 0.9889322916666666 0.6127604166666667 0.021614583333333333 0.1296875
8 0.4998697916666667 0.7877604166666666 0.9997395833333333 0.42343749999999997
8 0.3865885416666667 0.4783854166666667 0.021614583333333333 0.0140625
8 0.148828125 0.5002604166666667 0.039322916666666666 0.022395833333333334
