8 0.4998697916666667 0.7682291666666666 0.9997395833333333 0.46249999999999997
0 0.025 0.5802083333333333 0.05 0.18333333333333332
0 0.06796875 0.6072916666666667 0.04791666666666666 0.13229166666666667
0 0.9889322916666666 0.6138020833333333 0.021614583333333333 0.12864583333333332
8 0.9718749999999999 0.4953125 0.019791666666666666 0.01875
8 0.9552083333333333 0.48776041666666664 0.019270833333333334 0.044270833333333336
8 0.9407552083333334 0.4901041666666667 0.02786458333333333 0.05
8 0.9016927083333334 0.4864583333333333 0.05755208333333333 0.06354166666666666
8 0.8515625 0.4901041666666667 0.07447916666666667 0.078125
8 0.7891927083333333 0.5013020833333334 0.054947916666666666 0.07760416666666667
8 0.705078125 0.4861979166666667 0.07890625 0.11302083333333333
8 0.6005208333333333 0.49322916666666666 0.07708333333333334 0.04375
8 0.5580729166666667 0.4927083333333333 0.0421875 0.028125
8 0.44440104166666666 0.4947916666666667 0.03463541666666667 0.034375
8 0.41510416666666666 0.49557291666666664 0.03697916666666667 0.0390625
8 0.33763020833333335 0.4778645833333333 0.025260416666666667 0.024479166666666666
8 0.36328125 0.49635416666666665 0.06979166666666667 0.058333333333333334
8 0.253125 0.5 0.10989583333333333 0.06770833333333333
8 0.14375 0.503125 0.07708333333333334 0.03958333333333333
8 0.10221354166666667 0.5059895833333333 0.007552083333333333 0.011979166666666666
