8 0.9847656250000001 0.4965277777777778 0.01171875 0.005555555555555556
8 0.9636718750000001 0.4982638888888889 0.025781250000000002 0.013194444444444444
8 0.9052734375 0.48888888888888893 0.016796875 0.0125
8 0.8716796875 0.48923611111111115 0.012109375 0.004861111111111111
8 0.8324218750000001 0.48506944444444444 0.010937500000000001 0.0076388888888888895
8 0.8091796875 0.48750000000000004 0.039453125000000006 0.025
8 0.783203125 0.4871527777777778 0.010937500000000001 0.0076388888888888895
8 0.7718750000000001 0.484375 0.004687500000000001 0.004861111111111111
8 0.766796875 0.48333333333333334 0.00390625 0.004166666666666667
8 0.7425781250000001 0.4861111111111111 0.00859375 0.009722222222222222
8 0.7357421875000001 0.48888888888888893 0.015234375000000001 0.019444444444444445
8 0.718359375 0.4861111111111111 0.0078125 0.005555555555555556
8 0.6783203125 0.4899305555555556 0.004296875 0.004861111111111111
8 0.6673828125000001 0.4881944444444445 0.004296875 0.005555555555555556
8 0.5205078125 0.49270833333333336 0.010546875 0.010416666666666668
8 0.49140625000000004 0.4934027777777778 0.00625 0.004861111111111111
8 0.47187500000000004 0.49722222222222223 0.01015625 0.008333333333333333
8 0.45156250000000003 0.4951388888888889 0.0054687500000000005 0.005555555555555556
8 0.397265625 0.5013888888888889 0.00625 0.005555555555555556
8 0.36738281250000004 0.5024305555555556 0.008203125 0.00625
8 0.3447265625 0.5048611111111111 0.004296875 0.004166666666666667
8 0.32832031250000004 0.5048611111111111 0.003515625 0.002777777777777778
8 0.31640625 0.5083333333333333 0.01015625 0.009722222222222222
8 0.3013671875 0.5100694444444445 0.008984375000000001 0.013194444444444444
8 0.2697265625 0.5069444444444444 0.004296875 0.006944444444444445
8 0.24960937500000002 0.5055555555555555 0.0078125 0.006944444444444445
8 0.2412109375 0.5052083333333334 0.005078125 0.004861111111111111
8 0.178515625 0.5024305555555556 0.0054687500000000005 0.0076388888888888895
8 0.1873046875 0.5128472222222222 0.031640625 0.021527777777777778
8 0.209375 0.5173611111111112 0.00703125 0.005555555555555556
8 0.203125 0.5052083333333334 0.010937500000000001 0.01875
8 0.1181640625 0.5003472222222223 0.003515625 0.004861111111111111
8 0.1380859375 0.5013888888888889 0.008984375000000001 0.0125
8 0.1501953125 0.5020833333333333 0.005078125 0.006944444444444445
8 0.16640625 0.5020833333333333 0.003125 0.005555555555555556
8 0.21484375 0.5065972222222223 0.004687500000000001 0.00625
8 0.22773437500000002 0.5048611111111111 0.0054687500000000005 0.005555555555555556
8 0.0361328125 0.49895833333333334 0.033203125 0.025694444444444447
0 0.49140625000000004 0.5253472222222222 0.0078125 0.04652777777777778
0 0.478515625 0.5572916666666667 0.02109375 0.029861111111111113
8 0.534375 0.5493055555555556 0.14375000000000002 0.09027777777777778
8 0.6408203125 0.48784722222222227 0.003515625 0.004861111111111111
8 0.6291015625 0.48888888888888893 0.003515625 0.004166666666666667
8 0.5857421875000001 0.49618055555555557 0.015234375000000001 0.013194444444444444
8 0.5982421875 0.49236111111111114 0.008203125 0.006944444444444445
8 0.0578125 0.7770833333333333 0.115625 0.3180555555555556
8 0.9226562500000001 0.7684027777777778 0.15390625000000002 0.3298611111111111
0 0.9728515625 0.6253472222222223 0.037109375 0.08958333333333333
0 0.9535156250000001 0.7819444444444444 0.0921875 0.16527777777777777
