8 0.983984375 0.49444444444444446 0.0078125 0.008333333333333333
8 0.9380859375 0.4947916666666667 0.009765625 0.009027777777777779
8 0.9611328125 0.4986111111111111 0.038671875 0.018055555555555557
8 0.892578125 0.49722222222222223 0.0203125 0.01388888888888889
8 0.86875 0.49236111111111114 0.00625 0.005555555555555556
8 0.827734375 0.49270833333333336 0.00703125 0.0076388888888888895
8 0.8203125 0.49270833333333336 0.003125 0.004861111111111111
8 0.8154296875 0.49618055555555557 0.010546875 0.009027777777777779
8 0.7931640625 0.48958333333333337 0.005078125 0.004166666666666667
8 0.7255859375 0.49062500000000003 0.006640625000000001 0.009027777777777779
8 0.6744140625 0.48923611111111115 0.011328125000000001 0.009027777777777779
8 0.6416015625 0.48750000000000004 0.005078125 0.005555555555555556
8 0.6255859375 0.49097222222222225 0.009765625 0.009722222222222222
8 0.6013671875000001 0.48680555555555555 0.005078125 0.006944444444444445
8 0.5484375 0.4920138888888889 0.00625 0.004861111111111111
8 0.516796875 0.4930555555555556 0.01015625 0.006944444444444445
8 0.4927734375 0.49583333333333335 0.003515625 0.004166666666666667
8 0.46875 0.4996527777777778 0.018750000000000003 0.009027777777777779
8 0.4498046875 0.4986111111111111 0.008984375000000001 0.004166666666666667
8 0.444140625 0.5038194444444445 0.0078125 0.010416666666666668
8 0.42207031250000004 0.4982638888888889 0.005859375 0.0034722222222222225
8 0.415625 0.5003472222222223 0.0054687500000000005 0.004861111111111111
8 0.397265625 0.4996527777777778 0.0054687500000000005 0.004861111111111111
8 0.3884765625 0.4986111111111111 0.004296875 0.002777777777777778
8 0.37421875000000004 0.49895833333333334 0.0054687500000000005 0.004861111111111111
8 0.36757812500000003 0.4982638888888889 0.0023437500000000003 0.0034722222222222225
8 0.358984375 0.5 0.004687500000000001 0.005555555555555556
8 0.34023437500000003 0.49756944444444445 0.02421875 0.024305555555555556
8 0.33359375 0.5131944444444445 0.00625 0.006944444444444445
8 0.3228515625 0.4996527777777778 0.008984375000000001 0.0076388888888888895
8 0.30390625000000004 0.5086805555555556 0.0390625 0.02291666666666667
0 0.296484375 0.5024305555555556 0.00390625 0.0076388888888888895
8 0.2908203125 0.49930555555555556 0.008203125 0.006944444444444445
8 0.274609375 0.5010416666666667 0.0140625 0.011805555555555555
8 0.2607421875 0.4996527777777778 0.005078125 0.004861111111111111
8 0.17011718750000002 0.5027777777777778 0.030078125 0.022222222222222223
8 0.126953125 0.5024305555555556 0.00859375 0.004861111111111111
8 0.1044921875 0.5027777777777778 0.023828125000000002 0.016666666666666666
8 0.0494140625 0.49756944444444445 0.015234375000000001 0.013194444444444444
8 0.017968750000000002 0.4982638888888889 0.01171875 0.00625
8 0.7677734375 0.5631944444444444 0.09335937500000001 0.13194444444444445
0 0.7416015625000001 0.5881944444444445 0.019140625 0.05
0 0.4462890625 0.634375 0.027734375000000002 0.04791666666666667
0 0.08984375 0.6246527777777778 0.02734375 0.07569444444444445
0 0.0853515625 0.7833333333333333 0.098828125 0.17083333333333334
8 0.12460937500000001 0.7861111111111111 0.24921875000000002 0.31666666666666665
