0 0.921484375 0.7408854166666666 0.15651041666666665 0.47760416666666666
0 0.5684895833333333 0.6380208333333334 0.0515625 0.12916666666666665
0 0.4361979166666667 0.6486979166666667 0.10625 0.3265625
0 0.48346354166666666 0.6700520833333333 0.06692708333333333 0.16197916666666667
0 0.5391927083333333 0.603125 0.054427083333333334 0.209375
0 0.48463541666666665 0.5450520833333333 0.052083333333333336 0.1359375
0 0.06614583333333333 0.7104166666666667 0.13229166666666667 0.39791666666666664
0 0.5924479166666666 0.6440104166666667 0.13072916666666667 0.2838541666666667
8 0.9015624999999999 0.5036458333333333 0.0067708333333333336 0.008333333333333333
8 0.9536458333333333 0.50390625 0.0171875 0.008854166666666666
8 0.9723958333333333 0.5041666666666667 0.011458333333333333 0.00625
8 0.9835937499999999 0.5044270833333333 0.0125 0.005729166666666666
8 0.7595052083333333 0.49453125 0.11171874999999999 0.06614583333333333
8 0.4998697916666667 0.775 0.9997395833333333 0.44895833333333335
