8 0.7627604166666666 0.4895833333333333 0.0453125 0.046875
0 0.8734375 0.746875 0.2526041666666667 0.46875
0 0.066015625 0.72265625 0.13203125 0.4161458333333333
0 0.5782552083333333 0.6122395833333333 0.09557291666666666 0.30052083333333335
0 0.5298177083333333 0.5885416666666666 0.04088541666666667 0.20416666666666666
0 0.55 0.6192708333333333 0.036458333333333336 0.10729166666666666
0 0.4290364583333333 0.64140625 0.07369791666666667 0.3151041666666667
0 0.4946614583333333 0.659375 0.08151041666666667 0.17083333333333334
0 0.484375 0.5432291666666667 0.05625 0.128125
8 0.46979166666666666 0.7828125 0.9395833333333333 0.43333333333333335
