0 0.021484375 0.6434027777777778 0.04296875 0.22847222222222224
8 0.0150390625 0.503125 0.024609375000000003 0.013194444444444444
0 0.9267578125 0.46319444444444446 0.008203125 0.06666666666666667
0 0.9458984375 0.48680555555555555 0.009765625 0.05277777777777778
0 0.498046875 0.521875 0.00625 0.02013888888888889
0 0.509765625 0.5208333333333334 0.004687500000000001 0.020833333333333336
0 0.5140625 0.5208333333333334 0.004687500000000001 0.022222222222222223
0 0.5275390625 0.5267361111111112 0.004296875 0.011805555555555555
0 0.5375 0.51875 0.00390625 0.022222222222222223
8 0.5146484375 0.5298611111111111 0.078515625 0.020833333333333336
0 0.982421875 0.7156250000000001 0.034375 0.13958333333333334
8 0.982421875 0.5239583333333333 0.034375 0.04097222222222222
8 0.7697265625 0.6145833333333334 0.39101562500000003 0.23055555555555557
8 0.5568359375 0.7274305555555556 0.345703125 0.1798611111111111
8 0.09824218750000001 0.7354166666666667 0.19648437500000002 0.1763888888888889
8 0.9099609375000001 0.7267361111111111 0.17929687500000002 0.16041666666666668
