0 0.790625 0.5052083333333334 0.013281250000000001 0.043750000000000004
8 0.8125 0.5131944444444445 0.0546875 0.02777777777777778
8 0.7894531250000001 0.5229166666666667 0.05 0.04166666666666667
8 0.7578125 0.5190972222222222 0.009375000000000001 0.0076388888888888895
8 0.7332031250000001 0.5597222222222222 0.057031250000000006 0.061111111111111116
8 0.5216796875 0.5253472222222222 0.012109375 0.014583333333333334
8 0.4900390625 0.5267361111111112 0.011328125000000001 0.010416666666666668
8 0.49843750000000003 0.5236111111111111 0.00859375 0.009722222222222222
8 0.5736328125 0.7277777777777779 0.36367187500000003 0.18055555555555555
8 0.9119140625000001 0.7288194444444445 0.17539062500000002 0.15625
8 0.09921875000000001 0.7388888888888889 0.19843750000000002 0.17222222222222222
0 0.022265625 0.6548611111111111 0.04453125 0.24583333333333335
0 0.974609375 0.6722222222222223 0.05 0.2763888888888889
