8 0.6373046875 0.609375 0.160546875 0.13958333333333334
8 0.056640625 0.5045138888888889 0.0171875 0.024305555555555556
8 0.006640625000000001 0.5194444444444445 0.013281250000000001 0.022222222222222223
8 0.5359375000000001 0.5461805555555556 0.026562500000000003 0.01875
8 0.51015625 0.5319444444444444 0.0140625 0.01388888888888889
8 0.4919921875 0.5260416666666667 0.019140625 0.010416666666666668
0 0.5515625000000001 0.5104166666666667 0.00625 0.019444444444444445
0 0.542578125 0.5100694444444445 0.00703125 0.02013888888888889
0 0.4958984375 0.51875 0.004296875 0.011111111111111112
0 0.491796875 0.5190972222222222 0.003125 0.010416666666666668
0 0.9826171875 0.6923611111111111 0.033984375000000004 0.1875
0 0.02109375 0.6552083333333334 0.0421875 0.24097222222222223
8 0.9955078125000001 0.5229166666666667 0.008203125 0.029166666666666667
8 0.57578125 0.7239583333333334 0.39140625 0.1840277777777778
8 0.9078125 0.7274305555555556 0.18359375 0.15763888888888888
8 0.09921875000000001 0.7350694444444444 0.19843750000000002 0.17708333333333334
