8 0.7917968750000001 0.5996527777777778 0.37812500000000004 0.2215277777777778
8 0.9900390625000001 0.5145833333333334 0.019140625 0.030555555555555558
8 0.019921875000000002 0.49930555555555556 0.02109375 0.015277777777777779
8 0.004296875 0.5107638888888889 0.00859375 0.021527777777777778
8 0.5164062500000001 0.5329861111111112 0.084375 0.02013888888888889
0 0.4998046875 0.5215277777777778 0.004296875 0.020833333333333336
0 0.5105468750000001 0.5225694444444444 0.003125 0.02291666666666667
0 0.5140625 0.5225694444444444 0.00390625 0.024305555555555556
0 0.52890625 0.5284722222222222 0.0054687500000000005 0.01388888888888889
0 0.5408203125000001 0.5194444444444445 0.005859375 0.02638888888888889
0 0.02109375 0.6552083333333334 0.0421875 0.2451388888888889
0 0.9826171875 0.7104166666666667 0.033984375000000004 0.15972222222222224
8 0.5750000000000001 0.725 0.3828125 0.17777777777777778
8 0.9064453125 0.7288194444444445 0.186328125 0.16458333333333333
8 0.099609375 0.734375 0.19921875 0.1798611111111111
