8 0.6388671875 0.5347222222222222 0.024609375000000003 0.009722222222222222
8 0.5767578125 0.529513888888889 0.026953125 0.0076388888888888895
8 0.5474609375 0.553125 0.064453125 0.07152777777777779
8 0.43769531250000004 0.5100694444444445 0.032421875 0.02847222222222222
8 0.253515625 0.5034722222222222 0.07578125000000001 0.034722222222222224
0 0.3005859375 0.4899305555555556 0.0027343750000000003 0.010416666666666668
0 0.3033203125 0.4930555555555556 0.001953125 0.0125
8 0.0044921875000000005 0.48125 0.008984375000000001 0.016666666666666666
0 0.021679687500000003 0.6715277777777778 0.043359375000000006 0.29305555555555557
0 0.9828125000000001 0.6638888888888889 0.03359375 0.25416666666666665
8 0.5775390625 0.7277777777777779 0.380859375 0.18194444444444446
8 0.9095703125000001 0.7375 0.180078125 0.17083333333333334
8 0.0998046875 0.7385416666666667 0.199609375 0.17569444444444446
