0 0.28125 0.38159722222222225 0.02734375 0.11875000000000001
0 0.4560546875 0.5163194444444444 0.020703125000000003 0.08819444444444445
0 0.51015625 0.4618055555555556 0.0054687500000000005 0.03333333333333333
0 0.5658203125 0.5055555555555555 0.0074218750000000005 0.029166666666666667
0 0.019726562500000003 0.6420138888888889 0.039453125000000006 0.22708333333333333
0 0.9656250000000001 0.7302083333333333 0.06796875000000001 0.1423611111111111
8 0.5763671875 0.7253472222222223 0.386328125 0.18541666666666667
8 0.909765625 0.7305555555555556 0.1796875 0.15972222222222224
8 0.094921875 0.7354166666666667 0.18984375 0.1763888888888889
8 0.562890625 0.5600694444444445 0.05078125 0.050694444444444445
8 0.44609375 0.5354166666666667 0.10312500000000001 0.10416666666666667
