0 0.5470703125 0.5072916666666667 0.011328125000000001 0.052083333333333336
8 0.5607421875 0.5402777777777777 0.037890625000000004 0.03333333333333333
8 0.6095703125 0.5211805555555555 0.019140625 0.014583333333333334
8 0.5775390625 0.5197916666666667 0.022265625 0.014583333333333334
8 0.5369140625000001 0.53125 0.061328125000000004 0.019444444444444445
8 0.0830078125 0.4982638888888889 0.022265625 0.01875
8 0.11210937500000001 0.49756944444444445 0.0125 0.015972222222222224
8 0.567578125 0.7274305555555556 0.353125 0.17569444444444446
8 0.912109375 0.7319444444444445 0.17500000000000002 0.16111111111111112
8 0.09843750000000001 0.7388888888888889 0.19687500000000002 0.17083333333333334
0 0.989453125 0.625 0.0203125 0.1736111111111111
0 0.021484375 0.6569444444444444 0.04296875 0.2555555555555556
