8 0.784765625 0.6302083333333334 0.3203125 0.20208333333333334
8 0.5603515625000001 0.5631944444444444 0.042578125 0.034722222222222224
8 0.5203125000000001 0.5305555555555556 0.0203125 0.034722222222222224
8 0.4966796875 0.5253472222222222 0.017578125 0.014583333333333334
0 0.5789062500000001 0.5177083333333333 0.0078125 0.04236111111111111
0 0.5666015625 0.5027777777777778 0.006640625000000001 0.044444444444444446
0 0.5007812500000001 0.5197916666666667 0.0023437500000000003 0.013194444444444444
0 0.49628906250000004 0.5201388888888889 0.003515625 0.01388888888888889
0 0.49335937500000004 0.5159722222222223 0.003125 0.0125
0 0.020898437500000002 0.6531250000000001 0.041796875000000004 0.23680555555555557
0 0.982421875 0.6687500000000001 0.034375 0.23611111111111113
8 0.016796875 0.5107638888888889 0.0171875 0.01875
8 0.098828125 0.7354166666666667 0.19765625 0.17916666666666667
8 0.573828125 0.7263888888888889 0.390625 0.17916666666666667
8 0.9091796875 0.7277777777777779 0.18085937500000002 0.15972222222222224
