0 0.8564453125 0.49895833333333334 0.017578125 0.08819444444444445
0 0.7533203125000001 0.4704861111111111 0.018359375 0.11458333333333334
0 0.49375 0.5190972222222222 0.00390625 0.017361111111111112
0 0.499609375 0.5197916666666667 0.0023437500000000003 0.015972222222222224
0 0.50234375 0.5194444444444445 0.0023437500000000003 0.016666666666666666
0 0.5080078125 0.5232638888888889 0.0027343750000000003 0.009027777777777779
0 0.51328125 0.5170138888888889 0.00390625 0.02013888888888889
8 0.49843750000000003 0.5267361111111112 0.043750000000000004 0.014583333333333334
8 0.58828125 0.5701388888888889 0.1125 0.11527777777777778
8 0.8484375000000001 0.6055555555555556 0.19921875 0.15
8 0.9822265625000001 0.5152777777777778 0.034765625 0.0375
8 0.0048828125 0.5135416666666667 0.009765625 0.015972222222222224
8 0.02734375 0.49756944444444445 0.0125 0.009027777777777779
8 0.5791015625 0.7260416666666667 0.38789062500000004 0.18125
8 0.908203125 0.7295138888888889 0.18281250000000002 0.16319444444444445
8 0.0990234375 0.7333333333333334 0.198046875 0.17916666666666667
0 0.98203125 0.6652777777777779 0.03515625 0.24305555555555555
0 0.0212890625 0.6527777777777778 0.042578125 0.24861111111111112
