8 0.9787109375 0.48750000000000004 0.033984375000000004 0.03333333333333333
8 0.7630859375000001 0.5131944444444445 0.035546875 0.036111111111111115
8 0.720703125 0.5184027777777778 0.01640625 0.025694444444444447
8 0.7025390625000001 0.5152777777777778 0.015234375000000001 0.02777777777777778
8 0.6849609375000001 0.5197916666666667 0.017578125 0.02291666666666667
8 0.6541015625000001 0.5197916666666667 0.035546875 0.027083333333333334
8 0.5416015625 0.5131944444444445 0.014453125 0.008333333333333333
8 0.45234375000000004 0.5159722222222223 0.0125 0.011111111111111112
8 0.42890625000000004 0.5118055555555556 0.00859375 0.005555555555555556
8 0.4091796875 0.5107638888888889 0.006640625000000001 0.0034722222222222225
8 0.3494140625 0.5079861111111111 0.021484375 0.009027777777777779
8 0.1513671875 0.4930555555555556 0.14960937500000002 0.07361111111111111
8 0.036328125 0.49097222222222225 0.009375000000000001 0.009722222222222222
8 0.008984375000000001 0.49062500000000003 0.010937500000000001 0.004861111111111111
8 0.238671875 0.5010416666666667 0.00625 0.011805555555555555
8 0.253515625 0.5017361111111112 0.00703125 0.014583333333333334
8 0.261328125 0.5027777777777778 0.00703125 0.011111111111111112
8 0.26894531250000003 0.503125 0.0074218750000000005 0.014583333333333334
8 0.276953125 0.5041666666666667 0.0078125 0.011111111111111112
8 0.2853515625 0.5045138888888889 0.008203125 0.010416666666666668
8 0.296484375 0.5052083333333334 0.014843750000000001 0.010416666666666668
8 0.30703125000000003 0.5052083333333334 0.00703125 0.010416666666666668
8 0.3181640625 0.5076388888888889 0.018359375 0.006944444444444445
8 0.3326171875 0.5065972222222223 0.011328125000000001 0.0076388888888888895
0 0.7371093750000001 0.5034722222222222 0.003125 0.0125
0 0.7341796875000001 0.5041666666666667 0.003515625 0.0125
0 0.7134765625 0.4982638888888889 0.0027343750000000003 0.014583333333333334
0 0.111328125 0.47881944444444446 0.004687500000000001 0.014583333333333334
0 0.1154296875 0.4809027777777778 0.004296875 0.010416666666666668
0 0.1267578125 0.4826388888888889 0.005078125 0.018055555555555557
0 0.11972656250000001 0.4822916666666667 0.003515625 0.010416666666666668
0 0.12187500000000001 0.4774305555555556 0.00390625 0.010416666666666668
0 0.122265625 0.4920138888888889 0.00390625 0.02013888888888889
0 0.1375 0.4864583333333333 0.0054687500000000005 0.03680555555555556
0 0.1419921875 0.4847222222222222 0.005078125 0.025
0 0.1474609375 0.4795138888888889 0.005859375 0.01875
0 0.1541015625 0.4798611111111111 0.004296875 0.008333333333333333
0 0.18710937500000002 0.48784722222222227 0.00625 0.015972222222222224
0 0.16230468750000002 0.4791666666666667 0.0074218750000000005 0.009722222222222222
0 0.16875 0.47847222222222224 0.004687500000000001 0.006944444444444445
0 0.1904296875 0.4795138888888889 0.003515625 0.010416666666666668
0 0.185546875 0.4774305555555556 0.00625 0.010416666666666668
0 0.020703125000000003 0.6256944444444444 0.041406250000000006 0.2
0 0.98828125 0.6166666666666667 0.022656250000000003 0.18472222222222223
8 0.5814453125 0.7274305555555556 0.393359375 0.1840277777777778
8 0.9089843750000001 0.7295138888888889 0.18125000000000002 0.16319444444444445
8 0.08867187500000001 0.7375 0.17734375000000002 0.17777777777777778
